/*--------------------------------*- C++ -*----------------------------------*\
| =========                 |                                                 |
| \\      /  F ield         | OpenFOAM: The Open Source CFD Toolbox           |
|  \\    /   O peration     | Version:  2406                                  |
|   \\  /    A nd           | Website:  www.openfoam.com                      |
|    \\/     M anipulation  |                                                 |
\*---------------------------------------------------------------------------*/
FoamFile
{
    version     2.0;
    format      ascii;
    arch        "LSB;label=32;scalar=64";
    class       volScalarField;
    location    "788";
    object      T;
}
// * * * * * * * * * * * * * * * * * * * * * * * * * * * * * * * * * * * * * //

dimensions      [0 0 0 0 0 0 0];

internalField   nonuniform List<scalar> 
8000
(
1.7976048e-18
1.100019e-17
4.8504936e-17
1.7278834e-16
5.2360682e-16
1.3901207e-15
3.3043806e-15
7.1639141e-15
1.438265e-14
2.7065783e-14
4.8202245e-14
8.1866902e-14
1.334245e-13
2.0972848e-13
3.1930966e-13
4.7255162e-13
6.8185186e-13
9.6176903e-13
1.329158e-12
1.8032953e-12
2.4059963e-12
3.1617282e-12
4.0977194e-12
5.2440672e-12
6.6338453e-12
8.3032117e-12
1.0291517e-11
1.2641413e-11
1.5398963e-11
1.8613751e-11
2.2338992e-11
2.663164e-11
3.1552498e-11
3.7166324e-11
4.3541934e-11
5.0752311e-11
5.8874889e-11
6.8034369e-11
7.8329636e-11
8.9863654e-11
1.027437e-10
1.1708139e-10
1.3299272e-10
1.505982e-10
1.700229e-10
1.9139659e-10
2.1485389e-10
2.4053441e-10
2.6858286e-10
2.991492e-10
3.3238878e-10
3.6846245e-10
4.0753667e-10
4.4978363e-10
4.9538133e-10
5.4451366e-10
5.9737051e-10
6.5414782e-10
7.1504763e-10
7.8027817e-10
8.5005388e-10
9.2459551e-10
1.0041301e-09
1.088891e-09
1.1791182e-09
1.2750578e-09
1.3769625e-09
1.4850917e-09
1.599711e-09
1.721093e-09
1.8495164e-09
1.9852669e-09
2.1286369e-09
2.2799251e-09
2.4394374e-09
2.6074861e-09
2.7843904e-09
2.9704764e-09
3.1660769e-09
3.3715315e-09
3.5871869e-09
3.8133965e-09
4.0505207e-09
4.2989269e-09
4.5589893e-09
4.8310893e-09
5.1156152e-09
5.4129623e-09
5.7235329e-09
6.0477365e-09
6.3859902e-09
6.7387177e-09
7.1063495e-09
7.4893237e-09
7.8880849e-09
8.3030854e-09
8.7347842e-09
9.1836478e-09
9.6501494e-09
1.013477e-08
1.0637997e-08
1.1160325e-08
1.1702256e-08
1.2264301e-08
1.2846974e-08
1.34508e-08
1.407631e-08
1.4724041e-08
1.5394538e-08
1.6088354e-08
1.6806048e-08
1.7548186e-08
1.8315343e-08
1.9108099e-08
1.9927042e-08
2.0772767e-08
2.1645877e-08
2.2546981e-08
2.3476696e-08
2.4435644e-08
2.5424458e-08
2.6443774e-08
2.7494238e-08
2.8576501e-08
2.9691223e-08
3.083907e-08
3.2020714e-08
3.3236837e-08
3.4488124e-08
3.5775271e-08
3.7098979e-08
3.8459955e-08
3.9858914e-08
4.1296579e-08
4.2773679e-08
4.4290948e-08
4.5849131e-08
4.7448976e-08
4.909124e-08
5.0776687e-08
5.2506085e-08
5.4280212e-08
5.6099852e-08
5.7965795e-08
5.9878838e-08
6.1839785e-08
6.3849447e-08
6.590864e-08
6.8018188e-08
7.0178922e-08
7.239168e-08
7.4657304e-08
7.6976644e-08
7.9350558e-08
8.1779909e-08
8.4265566e-08
8.6808406e-08
8.9409312e-08
9.2069171e-08
9.4788881e-08
9.7569342e-08
1.0041146e-07
1.0331616e-07
1.0628435e-07
1.0931696e-07
1.1241493e-07
1.1557919e-07
1.1881069e-07
1.2211038e-07
1.2547922e-07
1.2891818e-07
1.3242822e-07
1.3601032e-07
1.3966547e-07
1.4339464e-07
1.4719884e-07
1.5107906e-07
1.5503631e-07
1.590716e-07
1.6318596e-07
1.6738039e-07
1.7165594e-07
1.7601363e-07
1.8045451e-07
1.8497962e-07
1.8959002e-07
1.9428676e-07
1.9907089e-07
2.039435e-07
2.0890566e-07
2.1395844e-07
2.1910294e-07
2.2434024e-07
2.2967144e-07
2.3509764e-07
2.4061994e-07
2.4623946e-07
2.5195732e-07
2.5777453e-07
2.6366634e-07
3.4221328e-15
1.1927624e-14
3.1782144e-14
7.4280216e-14
1.5854694e-13
3.1436193e-13
5.8482785e-13
1.0292034e-12
1.7256811e-12
2.7739211e-12
4.2972342e-12
6.4443159e-12
9.3904665e-12
1.3338298e-11
1.851796e-11
2.5186953e-11
3.3629616e-11
4.4156374e-11
5.7102838e-11
7.2828837e-11
9.1717434e-11
1.14174e-10
1.4062536e-10
1.7151902e-10
2.0732257e-10
2.4852305e-10
2.9562664e-10
3.4915819e-10
4.0966104e-10
4.7769677e-10
5.5384506e-10
6.387036e-10
7.3288794e-10
8.3703149e-10
9.5178535e-10
1.0778184e-09
1.2158172e-09
1.3666486e-09
1.5334833e-09
1.7170215e-09
1.9179635e-09
2.1370111e-09
2.3748706e-09
2.6322572e-09
2.9098989e-09
3.2085409e-09
3.5289488e-09
3.8719112e-09
4.2382418e-09
4.6287803e-09
5.0443931e-09
5.4859733e-09
5.9544404e-09
6.4507391e-09
6.9758391e-09
7.530733e-09
8.1164358e-09
8.7339838e-09
9.3844326e-09
1.0068857e-08
1.0788348e-08
1.1544016e-08
1.2336983e-08
1.3168389e-08
1.4039388e-08
1.4951144e-08
1.5904839e-08
1.6901662e-08
1.7942819e-08
1.9029524e-08
2.0163003e-08
2.1344494e-08
2.2575246e-08
2.3856518e-08
2.5189578e-08
2.6575708e-08
2.8016198e-08
2.9512348e-08
3.1065468e-08
3.267688e-08
3.4347914e-08
3.607991e-08
3.7874219e-08
3.9732202e-08
4.1655227e-08
4.3644673e-08
4.5701931e-08
4.7828397e-08
5.0025479e-08
5.2294594e-08
5.4637176e-08
5.7054665e-08
5.9548506e-08
6.2120148e-08
6.4771051e-08
6.7502682e-08
7.0316519e-08
7.3214046e-08
7.6196756e-08
7.9266148e-08
8.2423732e-08
8.5671025e-08
8.9009548e-08
9.2440835e-08
9.5966425e-08
9.9587862e-08
1.033067e-07
1.071245e-07
1.1104283e-07
1.1506327e-07
1.1918739e-07
1.2341678e-07
1.2775305e-07
1.3219778e-07
1.3675259e-07
1.4141908e-07
1.4619889e-07
1.5109363e-07
1.5610495e-07
1.6123446e-07
1.6648383e-07
1.718547e-07
1.7734872e-07
1.8296756e-07
1.8871288e-07
1.9458635e-07
2.0058966e-07
2.0672447e-07
2.1299249e-07
2.193954e-07
2.259349e-07
2.3261269e-07
2.3943048e-07
2.4638998e-07
2.534929e-07
2.6074097e-07
2.6813592e-07
2.7567946e-07
2.8337333e-07
2.9121928e-07
2.9921905e-07
3.0737437e-07
3.15687e-07
3.241587e-07
3.3279122e-07
3.4158632e-07
3.5054578e-07
3.5967135e-07
3.6896481e-07
3.7842793e-07
3.8806251e-07
3.978703e-07
4.0785312e-07
4.1801273e-07
4.2835094e-07
4.3886954e-07
4.4957033e-07
4.6045511e-07
4.7152568e-07
4.8278386e-07
4.9423144e-07
5.0587024e-07
5.1770208e-07
5.2972878e-07
5.4195215e-07
5.5437401e-07
5.669962e-07
5.7982054e-07
5.9284885e-07
6.0608297e-07
6.1952474e-07
6.3317598e-07
6.4703854e-07
6.6111426e-07
6.7540497e-07
6.8991253e-07
7.0463878e-07
7.1958555e-07
7.3475471e-07
7.5014811e-07
7.6576758e-07
7.8161499e-07
7.9769218e-07
8.14001e-07
8.3054331e-07
8.4732095e-07
8.6433577e-07
8.8158963e-07
8.9908443e-07
9.1682202e-07
9.3480427e-07
9.5303303e-07
9.7151018e-07
9.9023757e-07
1.0092171e-06
1.0284506e-06
1.0479399e-06
1.067687e-06
1.0876936e-06
1.1079307e-06
8.6027507e-12
2.1514364e-11
4.0353416e-11
6.8187579e-11
1.0896492e-10
1.6740758e-10
2.4894397e-10
3.5973106e-10
5.0666751e-10
6.9738544e-10
9.4022431e-10
1.2441839e-09
1.6188565e-09
2.0743435e-09
2.6211608e-09
3.270139e-09
4.0323242e-09
4.9188838e-09
5.9410204e-09
7.1098972e-09
8.4365768e-09
9.9319725e-09
1.1606813e-08
1.3471621e-08
1.5536698e-08
1.7812122e-08
2.0307756e-08
2.3033251e-08
2.5998065e-08
2.9211476e-08
3.2682604e-08
3.6420424e-08
4.0433787e-08
4.4731436e-08
4.9322022e-08
5.4214113e-08
5.9416212e-08
6.4936719e-08
7.0852654e-08
7.7273679e-08
8.4183145e-08
9.156684e-08
9.9412752e-08
1.0771099e-07
1.1645372e-07
1.2563515e-07
1.3525143e-07
1.4530057e-07
1.557823e-07
1.6669789e-07
1.7805001e-07
1.8984254e-07
2.0208041e-07
2.147694e-07
2.2791601e-07
2.4152734e-07
2.5561091e-07
2.701746e-07
2.8522651e-07
3.0077492e-07
3.168282e-07
3.3339477e-07
3.5048301e-07
3.6810131e-07
3.8625795e-07
4.0496117e-07
4.2421906e-07
4.4403965e-07
4.6443082e-07
4.8540035e-07
5.0695591e-07
5.2910506e-07
5.5185523e-07
5.7521376e-07
5.991879e-07
6.2378478e-07
6.4901147e-07
6.7487494e-07
7.0138208e-07
7.2853973e-07
7.5635463e-07
7.8483348e-07
8.1398291e-07
8.4380949e-07
8.7431975e-07
9.0552015e-07
9.3741712e-07
9.7001702e-07
1.0033262e-06
1.0373509e-06
1.0720975e-06
1.1075725e-06
1.1437821e-06
1.1807323e-06
1.2184291e-06
1.2568784e-06
1.2960864e-06
1.3360587e-06
1.3768014e-06
1.4183201e-06
1.4606208e-06
1.5037092e-06
1.5475909e-06
1.5922717e-06
1.6377571e-06
1.6840528e-06
1.7311644e-06
1.7790974e-06
1.8278572e-06
1.8774493e-06
1.9278792e-06
1.9791522e-06
2.0312736e-06
2.0842488e-06
2.1380831e-06
2.1927816e-06
2.2483497e-06
2.3047924e-06
2.3621149e-06
2.4203224e-06
2.4794198e-06
2.5394122e-06
2.6003047e-06
2.6621021e-06
2.7248094e-06
2.7884315e-06
2.8529733e-06
2.9184397e-06
2.9848353e-06
3.0521651e-06
3.1204337e-06
3.1896459e-06
3.2598062e-06
3.3309195e-06
3.4029901e-06
3.4760228e-06
3.5500221e-06
3.6249925e-06
3.7009385e-06
3.7778645e-06
3.8557749e-06
3.9346742e-06
4.0145667e-06
4.0954567e-06
4.1773486e-06
4.2602465e-06
4.3441549e-06
4.4290778e-06
4.5150194e-06
4.6019839e-06
4.6899755e-06
4.7789982e-06
4.8690561e-06
4.9601532e-06
5.0522936e-06
5.1454812e-06
5.23972e-06
5.3350139e-06
5.4313668e-06
5.5287825e-06
5.627265e-06
5.7268181e-06
5.8274454e-06
5.9291509e-06
6.0319382e-06
6.135811e-06
6.2407731e-06
6.346828e-06
6.4539795e-06
6.5622311e-06
6.6715863e-06
6.7820489e-06
6.8936223e-06
7.0063099e-06
7.1201154e-06
7.235042e-06
7.3510933e-06
7.4682727e-06
7.5865836e-06
7.7060291e-06
7.8266128e-06
7.9483377e-06
8.0712073e-06
8.1952245e-06
8.3203925e-06
8.4467144e-06
8.5741931e-06
8.7028321e-06
8.8326348e-06
8.9636041e-06
9.0957432e-06
9.229055e-06
9.3635426e-06
9.4992089e-06
9.6360569e-06
9.7740896e-06
9.9133098e-06
1.0053721e-05
1.0195325e-05
1.0337991e-05
2.1688864e-08
4.1308436e-08
5.8133642e-08
7.4598317e-08
9.2408804e-08
1.1258725e-07
1.3578205e-07
1.6247207e-07
1.9306239e-07
2.279272e-07
2.6742785e-07
3.1191778e-07
3.6174071e-07
4.1722593e-07
4.786827e-07
5.4639502e-07
6.2061729e-07
7.0157119e-07
7.8944398e-07
8.8438806e-07
9.8652174e-07
1.095931e-06
1.2126718e-06
1.3367737e-06
1.4682425e-06
1.6070643e-06
1.7532089e-06
1.906633e-06
2.0672835e-06
2.2351002e-06
2.4100184e-06
2.5919708e-06
2.7808894e-06
2.9767068e-06
3.1793575e-06
3.3887785e-06
3.6049098e-06
3.8276951e-06
4.0570358e-06
4.3011352e-06
4.5602156e-06
4.8320506e-06
5.1148122e-06
5.4070089e-06
5.7074366e-06
6.0151368e-06
6.3293595e-06
6.6495303e-06
6.9752219e-06
7.3061272e-06
7.6420372e-06
7.9828211e-06
8.3284092e-06
8.6787787e-06
9.0339418e-06
9.3939359e-06
9.7588153e-06
1.0128645e-05
1.0503497e-05
1.0883443e-05
1.1268555e-05
1.1658903e-05
1.2054551e-05
1.2455557e-05
1.2861976e-05
1.3273853e-05
1.369123e-05
1.4114141e-05
1.4542615e-05
1.4976677e-05
1.5416344e-05
1.5861631e-05
1.6312548e-05
1.6769102e-05
1.7231297e-05
1.7699132e-05
1.8172607e-05
1.8651718e-05
1.9136459e-05
1.9626824e-05
2.0122803e-05
2.0624388e-05
2.1131569e-05
2.1644334e-05
2.2162672e-05
2.2686572e-05
2.321602e-05
2.3751004e-05
2.4291512e-05
2.4837529e-05
2.5389042e-05
2.5946049e-05
2.6508535e-05
2.7076485e-05
2.7649884e-05
2.8228715e-05
2.8812964e-05
2.9402614e-05
2.9997651e-05
3.0598058e-05
3.1203822e-05
3.1814925e-05
3.2431354e-05
3.3053093e-05
3.3680126e-05
3.431244e-05
3.4950017e-05
3.5592845e-05
3.6240907e-05
3.6894189e-05
3.7552676e-05
3.8216353e-05
3.8885206e-05
3.9559219e-05
4.0238378e-05
4.0922668e-05
4.1612075e-05
4.2306585e-05
4.3006182e-05
4.3710852e-05
4.4420582e-05
4.5135356e-05
4.585516e-05
4.6579981e-05
4.7309803e-05
4.8044613e-05
4.8784397e-05
4.9529141e-05
5.027883e-05
5.1033451e-05
5.179299e-05
5.2557433e-05
5.3326766e-05
5.4100975e-05
5.4880047e-05
5.5663968e-05
5.6452724e-05
5.7246301e-05
5.8044686e-05
5.8847865e-05
5.9655826e-05
6.0468554e-05
6.1286035e-05
6.2108258e-05
6.2935208e-05
6.3766872e-05
6.4603237e-05
6.5444289e-05
6.6290017e-05
6.7140405e-05
6.7995443e-05
6.8855116e-05
6.9719411e-05
7.0588316e-05
7.1461818e-05
7.2339904e-05
7.3222561e-05
7.4109776e-05
7.5001538e-05
7.5897832e-05
7.6798647e-05
7.770397e-05
7.8613789e-05
7.952809e-05
8.0446862e-05
8.1370092e-05
8.2297769e-05
8.3229878e-05
8.416641e-05
8.510735e-05
8.6052687e-05
8.700241e-05
8.7956505e-05
8.8914961e-05
8.9877766e-05
9.0844908e-05
9.1816375e-05
9.2792156e-05
9.3772237e-05
9.4756607e-05
9.5745254e-05
9.6738166e-05
9.773533e-05
9.8736732e-05
9.9742361e-05
0.0001007522
0.00010176624
0.00010278447
0.00010380688
0.00010483347
0.00010586421
0.00010689909
0.00010793811
0.00010898125
0.00011002851
0.00011107986
0.00011213529
0.00011319481
0.00011425839
0.00011532529
5.2579792e-05
7.165804e-05
7.5535843e-05
7.461148e-05
7.2782344e-05
7.1294631e-05
7.0472371e-05
7.0345944e-05
7.0863013e-05
7.195717e-05
7.356819e-05
7.5645935e-05
7.8149223e-05
8.1043611e-05
8.4299321e-05
8.7889643e-05
9.1789836e-05
9.5976403e-05
0.00010042669
0.0001051187
0.00011003101
0.00011514287
0.00012043426
0.00012588602
0.00013147998
0.00013719905
0.0001430273
0.00014895003
0.00015495381
0.00016102644
0.00016715697
0.00017333565
0.00017955386
0.00018580404
0.00019207964
0.00019837499
0.00020468527
0.00021100638
0.00021733492
0.00022375273
0.00023051021
0.00023749215
0.00024461091
0.00025180076
0.00025901333
0.00026621388
0.00027337821
0.00028049032
0.00028754039
0.00029452323
0.00030143708
0.00030828262
0.00031506224
0.00032177941
0.00032843831
0.00033504347
0.00034159951
0.000348111
0.00035458232
0.00036101759
0.00036742063
0.00037379493
0.00038014364
0.00038646958
0.00039277526
0.00039906287
0.00040533437
0.00041159143
0.00041783552
0.0004240679
0.00043028965
0.00043650171
0.00044270487
0.00044889981
0.00045508711
0.00046126725
0.00046744067
0.00047360771
0.00047976868
0.00048592383
0.0004920734
0.00049821756
0.0005043565
0.00051049034
0.00051661922
0.00052274324
0.00052886251
0.00053497711
0.00054108711
0.0005471926
0.00055329362
0.00055939034
0.00056548288
0.00057157125
0.00057765547
0.00058373554
0.00058981149
0.0005958833
0.00060195101
0.00060801461
0.00061407412
0.00062012955
0.00062618091
0.00063222821
0.00063827146
0.00064431066
0.00065034583
0.00065637698
0.00066240412
0.00066842725
0.00067444639
0.00068046155
0.00068647273
0.00069247994
0.0006984832
0.00070448251
0.00071047787
0.00071646931
0.00072245683
0.00072844044
0.00073442014
0.00074039595
0.00074636787
0.00075233592
0.0007583001
0.00076426042
0.00077021689
0.00077616953
0.00078211833
0.00078806331
0.00079400448
0.00079994184
0.00080587542
0.0008118052
0.00081773121
0.00082365344
0.00082957192
0.00083548664
0.00084139761
0.00084730485
0.00085320836
0.00085910814
0.00086500422
0.00087089659
0.00087678527
0.00088267026
0.00088855158
0.00089442922
0.0009003032
0.00090617353
0.00091204022
0.00091790327
0.00092376269
0.0009296185
0.00093547069
0.00094131928
0.00094716428
0.00095300569
0.00095884353
0.00096467779
0.0009705085
0.00097633565
0.00098215926
0.00098797933
0.00099379588
0.00099960891
0.0010054184
0.0010112244
0.001017027
0.001022826
0.0010286216
0.0010344137
0.0010402023
0.0010459875
0.0010517692
0.0010575475
0.0010633224
0.0010690939
0.0010748619
0.0010806266
0.0010863878
0.0010921457
0.0010979001
0.0011036512
0.0011093988
0.0011151431
0.0011208839
0.0011266213
0.0011323554
0.0011380861
0.0011438134
0.0011495374
0.0011552581
0.0011609754
0.0011666893
0.0011723999
0.0011781071
0.001183811
0.0011895116
0.0011952058
0.12200137
0.091247457
0.066462319
0.049190019
0.037520272
0.029569878
0.024036978
0.020093046
0.017216937
0.015076687
0.013456251
0.012211558
0.011244156
0.010485167
0.0098853384
0.0094087315
0.0090286338
0.0087248555
0.0084819072
0.0082877466
0.0081329022
0.0080098505
0.0079125653
0.007836187
0.0077767757
0.0077311245
0.0076966156
0.007671109
0.0076528538
0.0076404179
0.0076326313
0.0076285396
0.0076273665
0.0076284822
0.0076313779
0.0076356442
0.0076409532
0.0076470441
0.0076537107
0.0076607142
0.0076683653
0.0076766812
0.0076854241
0.0076944143
0.0077035185
0.0077126396
0.0077217091
0.0077306803
0.0077395234
0.0077482212
0.007756766
0.0077651568
0.0077733974
0.0077814951
0.007789459
0.0077972993
0.0078050269
0.0078126527
0.0078201873
0.0078276405
0.0078350217
0.0078423395
0.0078496017
0.0078568152
0.0078639862
0.0078711202
0.0078782221
0.007885296
0.0078923456
0.0078993741
0.0079063841
0.007913378
0.0079203578
0.0079273252
0.0079342816
0.0079412282
0.0079481661
0.0079550962
0.0079620192
0.0079689357
0.0079758464
0.0079827516
0.0079896517
0.0079965472
0.0080034382
0.0080103252
0.0080172082
0.0080240875
0.0080309633
0.0080378357
0.0080447049
0.0080515709
0.0080584343
0.0080652951
0.0080721532
0.0080790088
0.0080858618
0.0080927123
0.0080995602
0.0081064056
0.0081132485
0.0081200889
0.0081269269
0.0081337623
0.0081405953
0.0081474258
0.0081542538
0.0081610794
0.0081679025
0.0081747231
0.0081815413
0.008188357
0.0081951702
0.008201981
0.0082087893
0.0082155951
0.0082223985
0.0082291994
0.0082359977
0.0082427937
0.0082495871
0.0082563781
0.0082631665
0.0082699525
0.008276736
0.008283517
0.0082902956
0.0082970716
0.0083038451
0.0083106162
0.0083173848
0.0083241509
0.0083309145
0.0083376756
0.0083444343
0.0083511904
0.0083579441
0.0083646953
0.008371444
0.0083781902
0.0083849339
0.0083916751
0.0083984139
0.0084051501
0.0084118839
0.0084186152
0.008425344
0.0084320703
0.0084387941
0.0084455155
0.0084522344
0.0084589508
0.0084656647
0.0084723761
0.0084790851
0.0084857916
0.0084924956
0.0084991972
0.0085058963
0.0085125929
0.008519287
0.0085259787
0.0085326679
0.0085393547
0.008546039
0.0085527208
0.0085594002
0.0085660771
0.0085727516
0.0085794236
0.0085860932
0.0085927604
0.0085994251
0.0086060873
0.0086127472
0.0086194046
0.0086260595
0.0086327121
0.0086393622
0.0086460098
0.0086526551
0.0086592978
0.0086659381
0.0086725759
0.0086792112
0.0086858439
0.008692474
0.0086991015
0.0087057265
0.0087123488
0.0087189686
0.0087255856
0.0087321998
0.0087388112
0.0087454198
0.0087520255
0.0087586283
0.0087652282
0.0087718254
0.0087784169
0.14036999
0.12913568
0.112702
0.096079187
0.081642701
0.069896124
0.060584917
0.05326316
0.047503593
0.042954557
0.039342469
0.03645883
0.034145468
0.032281994
0.030776113
0.02955643
0.028567192
0.027764446
0.027113234
0.026585527
0.026158697
0.025814362
0.02553752
0.02531588
0.025139343
0.024999599
0.024889799
0.024804303
0.024738463
0.024688461
0.02465116
0.02462399
0.024604857
0.024592051
0.024584192
0.024580161
0.024579063
0.024580183
0.024582951
0.024586921
0.024591502
0.02459721
0.024603665
0.024610581
0.024617741
0.024624987
0.024632204
0.024639315
0.024646268
0.024653029
0.024659583
0.024665925
0.024672057
0.024677986
0.024683725
0.024689287
0.024694688
0.024699943
0.024705066
0.024710071
0.024714974
0.024719785
0.024724517
0.024729179
0.02473378
0.02473833
0.024742835
0.0247473
0.024751733
0.024756137
0.024760517
0.024764875
0.024769216
0.024773541
0.024777852
0.024782153
0.024786443
0.024790725
0.024794999
0.024799267
0.024803529
0.024807787
0.02481204
0.024816289
0.024820535
0.024824778
0.024829019
0.024833257
0.024837494
0.024841728
0.024845961
0.024850193
0.024854424
0.024858654
0.024862883
0.024867112
0.024871341
0.024875568
0.024879796
0.024884023
0.02488825
0.024892476
0.024896702
0.024900928
0.024905154
0.024909379
0.024913604
0.024917829
0.024922054
0.024926278
0.024930502
0.024934726
0.024938949
0.024943172
0.024947395
0.024951618
0.02495584
0.024960062
0.024964284
0.024968505
0.024972726
0.024976947
0.024981168
0.024985388
0.024989607
0.024993827
0.024998046
0.025002264
0.025006483
0.025010701
0.025014918
0.025019136
0.025023352
0.025027569
0.025031785
0.025036001
0.025040216
0.025044431
0.025048646
0.02505286
0.025057074
0.025061287
0.025065501
0.025069713
0.025073926
0.025078137
0.025082349
0.02508656
0.025090771
0.025094981
0.025099191
0.025103401
0.02510761
0.025111819
0.025116027
0.025120235
0.025124443
0.02512865
0.025132857
0.025137064
0.02514127
0.025145475
0.025149681
0.025153886
0.02515809
0.025162294
0.025166498
0.025170702
0.025174905
0.025179107
0.02518331
0.025187512
0.025191713
0.025195914
0.025200115
0.025204316
0.025208516
0.025212715
0.025216915
0.025221114
0.025225312
0.025229511
0.025233708
0.025237906
0.025242102
0.025246299
0.025250494
0.025254689
0.025258883
0.025263077
0.025267269
0.02527146
0.025275651
0.025279839
0.025284027
0.025288213
0.025292397
0.02529658
0.025300762
0.025304941
0.14261372
0.13986369
0.13316401
0.12368617
0.11327894
0.10323956
0.094203819
0.086375166
0.079734332
0.074167158
0.069530695
0.065683666
0.06249866
0.059865622
0.057691524
0.055898568
0.054422011
0.053208057
0.052212007
0.051396688
0.05073115
0.050189606
0.049750548
0.049396042
0.049111129
0.048883345
0.048702313
0.048559413
0.04844749
0.048360627
0.048293939
0.04824341
0.048205744
0.048178252
0.048158744
0.04814545
0.048136942
0.048132076
0.048129942
0.04812982
0.048130855
0.048132965
0.048136033
0.048139714
0.048143748
0.048147941
0.048152154
0.048156287
0.048160274
0.048164072
0.048167657
0.048171019
0.048174158
0.048177078
0.048179793
0.048182314
0.048184657
0.04818684
0.048188877
0.048190784
0.048192577
0.048194268
0.04819587
0.048197395
0.048198853
0.048200253
0.048201603
0.048202909
0.048204179
0.048205417
0.048206628
0.048207816
0.048208984
0.048210136
0.048211273
0.048212397
0.048213512
0.048214617
0.048215715
0.048216806
0.048217891
0.048218972
0.048220048
0.048221122
0.048222192
0.048223259
0.048224325
0.048225389
0.048226451
0.048227513
0.048228574
0.048229634
0.048230693
0.048231753
0.048232812
0.048233872
0.048234932
0.048235993
0.048237054
0.048238116
0.048239178
0.048240241
0.048241305
0.048242369
0.048243434
0.048244499
0.048245566
0.048246633
0.048247701
0.04824877
0.04824984
0.04825091
0.048251981
0.048253053
0.048254125
0.048255198
0.048256272
0.048257347
0.048258423
0.048259499
0.048260575
0.048261653
0.048262731
0.04826381
0.048264889
0.048265969
0.04826705
0.048268132
0.048269214
0.048270296
0.04827138
0.048272464
0.048273548
0.048274633
0.048275719
0.048276806
0.048277893
0.04827898
0.048280069
0.048281158
0.048282247
0.048283337
0.048284428
0.048285519
0.048286611
0.048287704
0.048288797
0.048289891
0.048290986
0.048292081
0.048293176
0.048294273
0.04829537
0.048296467
0.048297565
0.048298664
0.048299764
0.048300864
0.048301965
0.048303066
0.048304168
0.048305271
0.048306374
0.048307478
0.048308582
0.048309688
0.048310793
0.0483119
0.048313007
0.048314115
0.048315223
0.048316333
0.048317442
0.048318553
0.048319664
0.048320776
0.048321888
0.048323002
0.048324116
0.04832523
0.048326345
0.048327461
0.048328578
0.048329695
0.048330812
0.04833193
0.048333049
0.048334167
0.048335286
0.048336405
0.048337523
0.048338642
0.04833976
0.048340877
0.048341993
0.048343108
0.048344222
0.048345335
0.048346447
0.04834756
0.14283745
0.14230195
0.14022035
0.13618542
0.13063216
0.12430031
0.11783213
0.11165278
0.10599379
0.10095225
0.096543462
0.092737749
0.089483526
0.086720883
0.084389118
0.082430664
0.08079293
0.07942895
0.078297416
0.077362365
0.076592728
0.075961822
0.075446839
0.075028369
0.074689953
0.074417686
0.074199864
0.074026665
0.073889883
0.073782679
0.07369938
0.073635297
0.073586569
0.07355003
0.073523096
0.073503671
0.073490058
0.073480894
0.07347509
0.073471784
0.073470294
0.073469611
0.073469922
0.07347089
0.073472257
0.073473829
0.073475466
0.073477067
0.073478563
0.073479909
0.073481076
0.073482052
0.073482832
0.07348342
0.073483824
0.073484055
0.073484125
0.07348405
0.073483844
0.073483519
0.07348309
0.073482569
0.073481967
0.073481294
0.073480561
0.073479775
0.073478944
0.073478074
0.073477172
0.073476241
0.073475286
0.073474312
0.07347332
0.073472314
0.073471296
0.073470268
0.073469231
0.073468188
0.073467139
0.073466085
0.073465027
0.073463966
0.073462903
0.073461839
0.073460773
0.073459706
0.073458638
0.073457571
0.073456504
0.073455437
0.073454371
0.073453306
0.073452242
0.07345118
0.073450119
0.07344906
0.073448003
0.073446947
0.073445894
0.073444843
0.073443794
0.073442747
0.073441703
0.073440661
0.073439621
0.073438584
0.073437549
0.073436516
0.073435486
0.073434458
0.073433432
0.073432409
0.073431388
0.07343037
0.073429354
0.07342834
0.073427329
0.07342632
0.073425313
0.073424308
0.073423306
0.073422306
0.073421308
0.073420313
0.073419319
0.073418328
0.073417339
0.073416353
0.073415368
0.073414386
0.073413406
0.073412428
0.073411452
0.073410478
0.073409507
0.073408537
0.07340757
0.073406605
0.073405642
0.073404681
0.073403723
0.073402766
0.073401812
0.07340086
0.07339991
0.073398962
0.073398016
0.073397072
0.07339613
0.073395191
0.073394254
0.073393318
0.073392385
0.073391454
0.073390525
0.073389599
0.073388674
0.073387751
0.073386831
0.073385913
0.073384996
0.073384082
0.07338317
0.073382261
0.073381353
0.073380447
0.073379544
0.073378642
0.073377743
0.073376846
0.073375951
0.073375058
0.073374167
0.073373278
0.073372392
0.073371507
0.073370625
0.073369745
0.073368867
0.073367991
0.073367117
0.073366246
0.073365376
0.073364508
0.073363643
0.073362779
0.073361917
0.073361056
0.073360197
0.07335934
0.073358483
0.073357628
0.073356773
0.073355919
0.073355065
0.073354212
0.073353358
0.073352504
0.073351652
0.073350801
0.14292186
0.14287492
0.14236232
0.14097689
0.13859136
0.1353795
0.13165356
0.12772342
0.12383154
0.12014104
0.11674739
0.11369598
0.11099837
0.10864477
0.10661296
0.10487431
0.1033977
0.10215197
0.10110738
0.10023639
0.099514071
0.098918222
0.098429295
0.098030259
0.0977064
0.097445095
0.097235583
0.097068745
0.096936891
0.096833574
0.096753407
0.096691918
0.096645407
0.096610831
0.096585695
0.096567968
0.096556001
0.096548466
0.096544299
0.096542653
0.096542858
0.096543953
0.096546239
0.096549326
0.096552916
0.096556785
0.096560769
0.096564748
0.096568638
0.096572384
0.096575952
0.096579321
0.096582486
0.096585446
0.096588208
0.096590784
0.096593187
0.096595429
0.096597528
0.096599496
0.096601349
0.096603099
0.096604758
0.096606339
0.09660785
0.096609302
0.096610701
0.096612056
0.096613372
0.096614654
0.096615908
0.096617137
0.096618345
0.096619534
0.096620708
0.096621867
0.096623015
0.096624153
0.096625282
0.096626403
0.096627517
0.096628625
0.096629728
0.096630827
0.096631921
0.096633012
0.0966341
0.096635185
0.096636268
0.096637349
0.096638428
0.096639506
0.096640583
0.096641658
0.096642734
0.096643808
0.096644883
0.096645957
0.096647031
0.096648106
0.09664918
0.096650254
0.096651329
0.096652404
0.096653478
0.096654554
0.096655629
0.096656705
0.096657781
0.096658857
0.096659934
0.096661011
0.096662088
0.096663165
0.096664243
0.096665321
0.096666399
0.096667477
0.096668556
0.096669635
0.096670714
0.096671793
0.096672872
0.096673952
0.096675032
0.096676112
0.096677192
0.096678272
0.096679352
0.096680433
0.096681513
0.096682594
0.096683675
0.096684756
0.096685837
0.096686918
0.096687999
0.096689081
0.096690162
0.096691244
0.096692325
0.096693407
0.096694489
0.096695571
0.096696653
0.096697736
0.096698818
0.096699901
0.096700983
0.096702066
0.096703149
0.096704232
0.096705315
0.096706398
0.096707481
0.096708565
0.096709648
0.096710732
0.096711816
0.096712899
0.096713983
0.096715068
0.096716152
0.096717236
0.096718321
0.096719406
0.09672049
0.096721575
0.096722661
0.096723746
0.096724831
0.096725917
0.096727003
0.096728089
0.096729175
0.096730261
0.096731348
0.096732435
0.096733521
0.096734609
0.096735696
0.096736783
0.096737871
0.096738958
0.096740046
0.096741133
0.096742221
0.096743308
0.096744394
0.09674548
0.096746566
0.09674765
0.096748734
0.096749816
0.096750896
0.096751975
0.096753052
0.096754127
0.096755201
0.096756275
0.27778602
0.25931883
0.23754096
0.21716144
0.19994548
0.18597886
0.17474651
0.1656604
0.15823329
0.15210087
0.14699811
0.14273057
0.13915184
0.13614813
0.13362826
0.13151743
0.12975309
0.12828236
0.1270602
0.1260481
0.12521309
0.12452696
0.1239656
0.12350846
0.12313809
0.12283967
0.12260069
0.12241062
0.12226061
0.1221433
0.1220525
0.12198313
0.12193096
0.12189252
0.12186496
0.12184597
0.12183366
0.1218265
0.12182328
0.12182303
0.12182497
0.12182847
0.12183302
0.12183869
0.12184508
0.1218519
0.12185891
0.12186595
0.12187292
0.12187972
0.12188632
0.12189268
0.1218988
0.12190466
0.12191027
0.12191565
0.12192082
0.12192578
0.12193056
0.12193517
0.12193964
0.12194397
0.12194819
0.1219523
0.12195633
0.12196028
0.12196416
0.12196799
0.12197176
0.12197549
0.12197917
0.12198283
0.12198646
0.12199006
0.12199364
0.1219972
0.12200074
0.12200427
0.12200778
0.12201128
0.12201478
0.12201826
0.12202173
0.1220252
0.12202865
0.12203211
0.12203555
0.12203899
0.12204243
0.12204586
0.12204929
0.12205271
0.12205613
0.12205955
0.12206297
0.12206638
0.12206979
0.1220732
0.12207661
0.12208001
0.12208342
0.12208682
0.12209022
0.12209362
0.12209702
0.12210042
0.12210382
0.12210721
0.1221106
0.122114
0.12211739
0.12212078
0.12212417
0.12212755
0.12213094
0.12213432
0.12213771
0.12214109
0.12214447
0.12214785
0.12215123
0.1221546
0.12215798
0.12216135
0.12216472
0.1221681
0.12217146
0.12217483
0.1221782
0.12218156
0.12218493
0.12218829
0.12219165
0.12219501
0.12219837
0.12220173
0.12220508
0.12220843
0.12221179
0.12221514
0.12221849
0.12222183
0.12222518
0.12222852
0.12223187
0.12223521
0.12223855
0.12224189
0.12224523
0.12224856
0.1222519
0.12225523
0.12225856
0.12226189
0.12226522
0.12226855
0.12227188
0.1222752
0.12227852
0.12228185
0.12228517
0.12228848
0.1222918
0.12229512
0.12229843
0.12230175
0.12230506
0.12230837
0.12231168
0.12231499
0.12231829
0.1223216
0.1223249
0.1223282
0.1223315
0.1223348
0.1223381
0.1223414
0.12234469
0.12234799
0.12235128
0.12235457
0.12235786
0.12236115
0.12236444
0.12236772
0.12237101
0.12237429
0.12237757
0.12238085
0.12238412
0.1223874
0.12239067
0.12239393
0.1223972
0.12240046
0.12240371
0.12240697
0.12241022
0.12241347
0.2853465
0.28226994
0.27487105
0.26379301
0.25082143
0.2376133
0.22522001
0.21413682
0.20449983
0.19625602
0.18927063
0.18338494
0.17844357
0.17430559
0.17084773
0.16796407
0.16556433
0.16357187
0.16192175
0.16055894
0.15943687
0.15851611
0.15776332
0.15715034
0.15665341
0.15625251
0.15593084
0.15567429
0.15547107
0.15531135
0.15518694
0.15509107
0.15501814
0.15496355
0.15492352
0.15489497
0.1548754
0.15486278
0.1548555
0.15485225
0.15485199
0.15485393
0.15485707
0.15486158
0.15486698
0.15487293
0.15487915
0.15488546
0.15489172
0.15489782
0.15490372
0.15490937
0.15491476
0.15491988
0.15492473
0.15492932
0.15493368
0.15493782
0.15494176
0.15494551
0.1549491
0.15495255
0.15495587
0.15495907
0.15496218
0.1549652
0.15496814
0.15497103
0.15497385
0.15497663
0.15497936
0.15498205
0.15498472
0.15498736
0.15498997
0.15499256
0.15499513
0.15499768
0.15500022
0.15500275
0.15500527
0.15500777
0.15501027
0.15501275
0.15501523
0.1550177
0.15502017
0.15502263
0.15502508
0.15502754
0.15502998
0.15503242
0.15503486
0.1550373
0.15503973
0.15504217
0.1550446
0.15504703
0.15504945
0.15505188
0.15505431
0.15505673
0.15505915
0.15506158
0.155064
0.15506642
0.15506884
0.15507126
0.15507368
0.1550761
0.15507851
0.15508093
0.15508335
0.15508576
0.15508818
0.15509059
0.155093
0.15509542
0.15509783
0.15510024
0.15510265
0.15510506
0.15510747
0.15510987
0.15511228
0.15511469
0.15511709
0.1551195
0.1551219
0.1551243
0.1551267
0.1551291
0.1551315
0.1551339
0.1551363
0.15513869
0.15514109
0.15514348
0.15514588
0.15514827
0.15515066
0.15515305
0.15515544
0.15515783
0.15516022
0.15516261
0.15516499
0.15516738
0.15516976
0.15517215
0.15517453
0.15517691
0.15517929
0.15518167
0.15518405
0.15518642
0.1551888
0.15519118
0.15519355
0.15519592
0.1551983
0.15520067
0.15520304
0.15520541
0.15520778
0.15521015
0.15521251
0.15521488
0.15521724
0.15521961
0.15522197
0.15522434
0.1552267
0.15522906
0.15523142
0.15523378
0.15523614
0.15523849
0.15524085
0.15524321
0.15524556
0.15524792
0.15525027
0.15525262
0.15525497
0.15525732
0.15525967
0.15526202
0.15526437
0.15526671
0.15526905
0.15527139
0.15527373
0.15527606
0.15527839
0.15528072
0.15528305
0.15528537
0.15528769
0.15529
0.28570001
0.28535275
0.28383176
0.28038651
0.27491304
0.26789143
0.26002835
0.25197247
0.24419549
0.23698537
0.23048561
0.22474139
0.21973757
0.21542557
0.21174082
0.20861337
0.20597411
0.20375803
0.20190581
0.20036445
0.19908719
0.19803323
0.19716723
0.1964588
0.19588192
0.19541444
0.19503757
0.19473543
0.19449469
0.19430415
0.19415447
0.19403789
0.19394797
0.19387941
0.19382786
0.19378974
0.19376216
0.19374277
0.19372968
0.19372137
0.19371663
0.19371453
0.19371382
0.1937144
0.19371584
0.19371781
0.19372007
0.19372244
0.1937248
0.19372706
0.19372915
0.19373103
0.1937327
0.19373415
0.19373537
0.19373637
0.19373717
0.19373778
0.19373822
0.1937385
0.19373864
0.19373866
0.19373857
0.19373838
0.1937381
0.19373776
0.19373734
0.19373688
0.19373636
0.19373581
0.19373521
0.19373459
0.19373394
0.19373326
0.19373257
0.19373186
0.19373113
0.19373039
0.19372963
0.19372886
0.19372809
0.19372731
0.19372651
0.19372571
0.19372491
0.1937241
0.19372328
0.19372247
0.19372164
0.19372082
0.19371999
0.19371916
0.19371832
0.19371749
0.19371665
0.19371582
0.19371498
0.19371414
0.1937133
0.19371246
0.19371163
0.19371079
0.19370995
0.19370911
0.19370828
0.19370744
0.19370661
0.19370577
0.19370494
0.1937041
0.19370327
0.19370244
0.19370161
0.19370078
0.19369995
0.19369912
0.19369829
0.19369747
0.19369664
0.19369581
0.19369499
0.19369416
0.19369334
0.19369251
0.19369169
0.19369086
0.19369004
0.19368922
0.1936884
0.19368758
0.19368675
0.19368593
0.19368511
0.19368429
0.19368347
0.19368266
0.19368184
0.19368102
0.1936802
0.19367938
0.19367857
0.19367775
0.19367693
0.19367612
0.1936753
0.19367449
0.19367367
0.19367286
0.19367204
0.19367123
0.19367042
0.1936696
0.19366879
0.19366798
0.19366717
0.19366635
0.19366554
0.19366473
0.19366392
0.19366311
0.1936623
0.1936615
0.19366069
0.19365988
0.19365907
0.19365826
0.19365746
0.19365665
0.19365585
0.19365504
0.19365424
0.19365343
0.19365263
0.19365183
0.19365102
0.19365022
0.19364942
0.19364862
0.19364782
0.19364702
0.19364622
0.19364542
0.19364462
0.19364382
0.19364303
0.19364223
0.19364143
0.19364063
0.19363984
0.19363904
0.19363824
0.19363744
0.19363664
0.19363584
0.19363503
0.19363423
0.19363342
0.1936326
0.19363179
0.19363098
0.28571386
0.28568294
0.28545074
0.28468415
0.28306659
0.28047935
0.27703088
0.27297219
0.2685937
0.26415513
0.259855
0.25582668
0.25214774
0.24885314
0.24594803
0.24341813
0.2412376
0.23937451
0.23779468
0.23646405
0.23535016
0.23442303
0.23365555
0.23302358
0.23250589
0.23208406
0.23174215
0.23146656
0.23124571
0.23106981
0.23093063
0.23082127
0.23073602
0.23067014
0.2306197
0.23058151
0.23055294
0.23053188
0.23051661
0.23050575
0.23049821
0.23049311
0.23048965
0.23048695
0.23048489
0.23048323
0.2304818
0.23048047
0.23047916
0.2304778
0.23047635
0.23047476
0.23047305
0.23047118
0.23046918
0.23046703
0.23046475
0.23046235
0.23045984
0.23045722
0.23045452
0.23045174
0.23044888
0.23044597
0.230443
0.23043998
0.23043693
0.23043384
0.23043072
0.23042758
0.23042441
0.23042123
0.23041803
0.23041482
0.23041161
0.23040838
0.23040514
0.2304019
0.23039865
0.2303954
0.23039214
0.23038888
0.23038562
0.23038236
0.2303791
0.23037583
0.23037257
0.23036931
0.23036604
0.23036278
0.23035952
0.23035626
0.230353
0.23034975
0.23034649
0.23034324
0.23034
0.23033675
0.23033351
0.23033027
0.23032704
0.23032381
0.23032058
0.23031735
0.23031413
0.23031092
0.23030771
0.2303045
0.2303013
0.2302981
0.2302949
0.23029171
0.23028852
0.23028534
0.23028216
0.23027899
0.23027581
0.23027265
0.23026948
0.23026632
0.23026317
0.23026002
0.23025687
0.23025373
0.23025059
0.23024745
0.23024432
0.23024119
0.23023806
0.23023494
0.23023182
0.23022871
0.2302256
0.23022249
0.23021939
0.23021629
0.23021319
0.2302101
0.23020701
0.23020393
0.23020085
0.23019777
0.2301947
0.23019163
0.23018856
0.2301855
0.23018244
0.23017938
0.23017633
0.23017328
0.23017023
0.23016719
0.23016416
0.23016112
0.23015809
0.23015506
0.23015204
0.23014902
0.230146
0.23014299
0.23013998
0.23013697
0.23013397
0.23013097
0.23012798
0.23012499
0.230122
0.23011902
0.23011603
0.23011306
0.23011008
0.23010711
0.23010415
0.23010118
0.23009823
0.23009527
0.23009232
0.23008937
0.23008642
0.23008348
0.23008055
0.23007761
0.23007468
0.23007175
0.23006883
0.23006591
0.23006299
0.23006008
0.23005717
0.23005426
0.23005136
0.23004846
0.23004556
0.23004266
0.23003976
0.23003686
0.23003397
0.23003107
0.23002818
0.23002529
0.28578571
0.28584217
0.28585562
0.28574934
0.28540014
0.28469094
0.28356562
0.28204626
0.2802153
0.27818413
0.27606568
0.27395733
0.27193361
0.27004556
0.26832363
0.2667819
0.26542241
0.26423889
0.26321987
0.2623509
0.26161623
0.26099999
0.26048686
0.26006258
0.25971417
0.25943003
0.25919994
0.259015
0.25886755
0.25875103
0.25865989
0.25858945
0.25853578
0.25849563
0.25846629
0.25844555
0.25843159
0.25842292
0.25841835
0.25841692
0.25841785
0.25842054
0.2584245
0.25842929
0.25843488
0.25844099
0.2584474
0.25845396
0.25846054
0.25846707
0.25847348
0.25847975
0.25848586
0.25849179
0.25849755
0.25850314
0.25850856
0.25851384
0.25851898
0.25852399
0.25852889
0.25853368
0.25853839
0.25854302
0.25854758
0.25855208
0.25855653
0.25856092
0.25856528
0.25856961
0.2585739
0.25857816
0.2585824
0.25858661
0.25859081
0.25859499
0.25859915
0.25860329
0.25860743
0.25861155
0.25861566
0.25861975
0.25862384
0.25862792
0.25863199
0.25863605
0.2586401
0.25864414
0.25864818
0.25865222
0.25865624
0.25866026
0.25866428
0.25866829
0.2586723
0.25867631
0.25868031
0.25868431
0.2586883
0.2586923
0.25869629
0.25870028
0.25870426
0.25870825
0.25871223
0.25871621
0.25872019
0.25872416
0.25872814
0.25873211
0.25873608
0.25874005
0.25874402
0.25874798
0.25875194
0.25875591
0.25875986
0.25876382
0.25876778
0.25877173
0.25877568
0.25877963
0.25878358
0.25878752
0.25879146
0.2587954
0.25879934
0.25880328
0.25880721
0.25881115
0.25881508
0.25881901
0.25882293
0.25882685
0.25883078
0.2588347
0.25883861
0.25884253
0.25884644
0.25885035
0.25885426
0.25885817
0.25886207
0.25886598
0.25886988
0.25887377
0.25887767
0.25888156
0.25888546
0.25888935
0.25889323
0.25889712
0.258901
0.25890488
0.25890876
0.25891264
0.25891651
0.25892039
0.25892426
0.25892813
0.25893199
0.25893586
0.25893972
0.25894358
0.25894744
0.2589513
0.25895515
0.258959
0.25896285
0.2589667
0.25897055
0.25897439
0.25897823
0.25898207
0.25898591
0.25898975
0.25899358
0.25899742
0.25900125
0.25900507
0.2590089
0.25901273
0.25901655
0.25902037
0.25902419
0.25902801
0.25903182
0.25903563
0.25903945
0.25904325
0.25904706
0.25905086
0.25905466
0.25905846
0.25906225
0.25906603
0.25906982
0.2590736
0.25907738
0.25908115
0.42556544
0.41742992
0.40584253
0.39269151
0.37950721
0.36724915
0.35636384
0.34695194
0.33892904
0.33213591
0.32639928
0.32155888
0.31747617
0.31403446
0.31113617
0.30869939
0.30665498
0.30494416
0.30351669
0.30232953
0.30134574
0.30053358
0.29986586
0.29931932
0.29887411
0.2985133
0.29822257
0.2979898
0.29780475
0.29765885
0.29754492
0.29745697
0.29739003
0.29733998
0.29730345
0.29727765
0.2972603
0.29724958
0.29724398
0.29724231
0.2972436
0.29724711
0.29725222
0.29725832
0.29726539
0.29727308
0.29728114
0.2972894
0.2972977
0.29730595
0.29731409
0.29732207
0.29732988
0.29733749
0.2973449
0.29735213
0.29735918
0.29736606
0.29737278
0.29737937
0.29738583
0.29739218
0.29739843
0.29740459
0.29741067
0.29741669
0.29742264
0.29742854
0.2974344
0.29744022
0.297446
0.29745175
0.29745747
0.29746316
0.29746883
0.29747447
0.2974801
0.29748571
0.2974913
0.29749687
0.29750243
0.29750797
0.2975135
0.29751902
0.29752452
0.29753001
0.29753549
0.29754096
0.29754642
0.29755187
0.29755732
0.29756275
0.29756818
0.2975736
0.29757902
0.29758443
0.29758983
0.29759523
0.29760063
0.29760602
0.2976114
0.29761679
0.29762217
0.29762755
0.29763292
0.29763829
0.29764366
0.29764902
0.29765438
0.29765974
0.29766509
0.29767044
0.29767579
0.29768114
0.29768648
0.29769182
0.29769715
0.29770249
0.29770782
0.29771314
0.29771846
0.29772378
0.2977291
0.29773441
0.29773972
0.29774503
0.29775033
0.29775563
0.29776093
0.29776622
0.29777151
0.29777679
0.29778208
0.29778736
0.29779263
0.2977979
0.29780317
0.29780844
0.2978137
0.29781896
0.29782421
0.29782947
0.29783471
0.29783996
0.2978452
0.29785044
0.29785567
0.2978609
0.29786613
0.29787135
0.29787658
0.29788179
0.29788701
0.29789222
0.29789743
0.29790263
0.29790783
0.29791303
0.29791822
0.29792341
0.2979286
0.29793378
0.29793896
0.29794414
0.29794931
0.29795448
0.29795965
0.29796481
0.29796997
0.29797513
0.29798029
0.29798544
0.29799058
0.29799573
0.29800087
0.29800601
0.29801114
0.29801627
0.2980214
0.29802653
0.29803165
0.29803677
0.29804189
0.298047
0.29805211
0.29805722
0.29806232
0.29806742
0.29807252
0.29807761
0.2980827
0.29808779
0.29809287
0.29809795
0.29810302
0.29810808
0.29811314
0.2981182
0.29812325
0.29812829
0.42852191
0.42801267
0.42645399
0.42346689
0.41905627
0.41353924
0.4073696
0.4009871
0.394738
0.38885583
0.38347486
0.37865481
0.37440485
0.37070281
0.36750894
0.36477506
0.36245038
0.36048506
0.35883215
0.35744866
0.35629593
0.35533971
0.35454995
0.35390051
0.35336884
0.35293556
0.35258415
0.35230056
0.35207291
0.3518912
0.35174705
0.35163345
0.35154458
0.35147562
0.35142259
0.35138223
0.35135187
0.35132933
0.35131287
0.35130108
0.35129281
0.35128718
0.35128349
0.35128082
0.35127881
0.35127724
0.35127593
0.35127477
0.35127365
0.35127251
0.35127131
0.35127003
0.35126863
0.35126712
0.3512655
0.35126376
0.35126191
0.35125996
0.35125792
0.35125579
0.35125359
0.35125133
0.35124901
0.35124664
0.35124422
0.35124177
0.35123928
0.35123677
0.35123423
0.35123167
0.3512291
0.3512265
0.35122389
0.35122127
0.35121863
0.35121598
0.35121332
0.35121065
0.35120798
0.35120529
0.3512026
0.3511999
0.35119719
0.35119447
0.35119175
0.35118902
0.35118629
0.35118355
0.35118081
0.35117807
0.35117532
0.35117257
0.35116982
0.35116706
0.35116431
0.35116155
0.35115879
0.35115603
0.35115327
0.35115051
0.35114775
0.351145
0.35114224
0.35113948
0.35113673
0.35113398
0.35113122
0.35112847
0.35112573
0.35112298
0.35112023
0.35111749
0.35111475
0.35111201
0.35110927
0.35110653
0.35110379
0.35110106
0.35109833
0.35109559
0.35109286
0.35109014
0.35108741
0.35108468
0.35108196
0.35107923
0.35107651
0.35107379
0.35107107
0.35106835
0.35106563
0.35106291
0.3510602
0.35105748
0.35105477
0.35105206
0.35104934
0.35104663
0.35104392
0.35104122
0.35103851
0.3510358
0.3510331
0.35103039
0.35102769
0.35102499
0.35102229
0.35101958
0.35101689
0.35101419
0.35101149
0.35100879
0.3510061
0.35100341
0.35100071
0.35099802
0.35099533
0.35099264
0.35098995
0.35098726
0.35098458
0.35098189
0.35097921
0.35097652
0.35097384
0.35097116
0.35096848
0.3509658
0.35096312
0.35096044
0.35095777
0.35095509
0.35095242
0.35094975
0.35094708
0.35094441
0.35094174
0.35093907
0.35093641
0.35093374
0.35093108
0.35092841
0.35092575
0.35092309
0.35092043
0.35091778
0.35091512
0.35091247
0.35090981
0.35090716
0.35090451
0.35090186
0.35089921
0.35089656
0.35089391
0.35089126
0.35088861
0.35088596
0.3508833
0.35088065
0.42857082
0.42855173
0.42844079
0.42810649
0.42741058
0.42627022
0.4246867
0.42273446
0.42052938
0.41819668
0.41584876
0.41357435
0.41143603
0.40947267
0.40770389
0.40613489
0.40476087
0.40357054
0.40254884
0.40167894
0.40094355
0.40032585
0.39981005
0.39938168
0.39902772
0.39873666
0.39849842
0.39830427
0.39814672
0.39801937
0.39791681
0.39783449
0.3977686
0.39771596
0.39767395
0.39764041
0.39761357
0.39759198
0.39757447
0.3975601
0.39754812
0.39753792
0.39752902
0.39752093
0.39751304
0.3975053
0.39749767
0.39749009
0.39748253
0.39747498
0.39746741
0.39745981
0.39745219
0.39744453
0.39743684
0.39742912
0.39742137
0.39741359
0.39740578
0.39739795
0.39739011
0.39738224
0.39737436
0.39736648
0.39735858
0.39735067
0.39734276
0.39733484
0.39732691
0.39731899
0.39731106
0.39730313
0.39729519
0.39728726
0.39727932
0.39727138
0.39726344
0.3972555
0.39724756
0.39723962
0.39723167
0.39722373
0.39721578
0.39720784
0.39719989
0.39719194
0.397184
0.39717605
0.3971681
0.39716016
0.39715221
0.39714427
0.39713633
0.39712839
0.39712045
0.39711251
0.39710458
0.39709664
0.39708871
0.39708078
0.39707285
0.39706493
0.39705701
0.39704909
0.39704118
0.39703326
0.39702536
0.39701745
0.39700955
0.39700165
0.39699376
0.39698587
0.39697798
0.3969701
0.39696222
0.39695435
0.39694647
0.39693861
0.39693074
0.39692288
0.39691502
0.39690717
0.39689932
0.39689147
0.39688363
0.39687579
0.39686795
0.39686011
0.39685228
0.39684446
0.39683663
0.39682881
0.396821
0.39681318
0.39680537
0.39679756
0.39678976
0.39678196
0.39677416
0.39676637
0.39675858
0.39675079
0.396743
0.39673522
0.39672745
0.39671967
0.3967119
0.39670413
0.39669637
0.39668861
0.39668085
0.39667309
0.39666534
0.3966576
0.39664985
0.39664211
0.39663437
0.39662664
0.39661891
0.39661118
0.39660345
0.39659573
0.39658802
0.3965803
0.39657259
0.39656488
0.39655718
0.39654948
0.39654178
0.39653409
0.3965264
0.39651871
0.39651103
0.39650335
0.39649567
0.396488
0.39648033
0.39647266
0.396465
0.39645734
0.39644968
0.39644203
0.39643438
0.39642674
0.3964191
0.39641146
0.39640383
0.3963962
0.39638857
0.39638095
0.39637333
0.39636571
0.3963581
0.39635049
0.39634289
0.39633529
0.39632769
0.3963201
0.3963125
0.39630492
0.42857146
0.42857109
0.42856655
0.42854571
0.42848624
0.42836124
0.42814898
0.42784045
0.42744128
0.42696875
0.42644659
0.42589994
0.42535167
0.42482038
0.42431971
0.42385858
0.42344184
0.42307115
0.4227458
0.42246351
0.42222097
0.42201437
0.4218397
0.421693
0.4215705
0.42146875
0.4213846
0.42131529
0.42125837
0.42121176
0.42117363
0.42114248
0.421117
0.42109611
0.42107892
0.42106468
0.42105279
0.42104274
0.42103413
0.42102663
0.42101998
0.42101397
0.42100844
0.42100326
0.42099812
0.42099304
0.42098799
0.42098298
0.42097798
0.420973
0.42096804
0.42096309
0.42095816
0.42095324
0.42094833
0.42094343
0.42093854
0.42093367
0.42092881
0.42092396
0.42091913
0.42091431
0.42090951
0.42090472
0.42089995
0.42089519
0.42089045
0.42088573
0.42088102
0.42087633
0.42087165
0.42086699
0.42086235
0.42085772
0.42085311
0.42084851
0.42084393
0.42083936
0.4208348
0.42083026
0.42082574
0.42082123
0.42081673
0.42081225
0.42080779
0.42080333
0.4207989
0.42079447
0.42079007
0.42078567
0.42078129
0.42077693
0.42077258
0.42076825
0.42076393
0.42075962
0.42075533
0.42075106
0.42074679
0.42074255
0.42073832
0.4207341
0.4207299
0.42072572
0.42072155
0.4207174
0.42071326
0.42070913
0.42070503
0.42070093
0.42069686
0.4206928
0.42068875
0.42068472
0.4206807
0.4206767
0.42067272
0.42066875
0.42066479
0.42066085
0.42065693
0.42065302
0.42064913
0.42064525
0.42064138
0.42063753
0.4206337
0.42062988
0.42062607
0.42062228
0.42061851
0.42061474
0.420611
0.42060727
0.42060355
0.42059985
0.42059616
0.42059248
0.42058882
0.42058518
0.42058155
0.42057793
0.42057433
0.42057074
0.42056717
0.42056361
0.42056007
0.42055653
0.42055302
0.42054952
0.42054603
0.42054255
0.4205391
0.42053565
0.42053222
0.4205288
0.4205254
0.42052201
0.42051863
0.42051527
0.42051192
0.42050859
0.42050527
0.42050197
0.42049867
0.4204954
0.42049213
0.42048888
0.42048564
0.42048242
0.42047921
0.42047602
0.42047283
0.42046967
0.42046651
0.42046337
0.42046024
0.42045713
0.42045403
0.42045094
0.42044787
0.42044481
0.42044176
0.42043873
0.42043571
0.42043271
0.42042972
0.42042674
0.42042377
0.42042082
0.42041788
0.42041496
0.42041205
0.42040915
0.42040627
0.4204034
0.42040054
0.4203977
0.42039487
0.42039205
0.42864601
0.42871885
0.42878842
0.42885336
0.4289121
0.42896264
0.42900283
0.42903105
0.42904672
0.42905062
0.4290447
0.42903163
0.42901437
0.42899573
0.4289781
0.42896334
0.42895279
0.42894724
0.42894711
0.42895245
0.42896309
0.42897872
0.42899892
0.42902321
0.42905112
0.42908219
0.42911597
0.42915206
0.4291901
0.42922977
0.4292708
0.42931293
0.42935597
0.42939974
0.4294441
0.42948891
0.42953408
0.42957952
0.42962517
0.42967096
0.42971686
0.42976282
0.42980881
0.42985482
0.42990082
0.42994677
0.42999267
0.43003852
0.43008431
0.43013006
0.43017577
0.43022142
0.43026702
0.43031257
0.43035807
0.43040353
0.43044893
0.43049429
0.43053959
0.43058485
0.43063006
0.43067522
0.43072033
0.43076539
0.43081045
0.4308555
0.43090054
0.43094557
0.43099058
0.43103556
0.43108051
0.43112543
0.43117031
0.43121514
0.43125992
0.43130465
0.43134933
0.43139395
0.4314385
0.431483
0.43152743
0.4315718
0.43161611
0.43166035
0.43170452
0.43174863
0.43179268
0.43183666
0.43188058
0.43192444
0.43196824
0.43201198
0.43205567
0.4320993
0.43214287
0.43218639
0.43222986
0.43227328
0.43231666
0.43235999
0.43240327
0.43244651
0.4324897
0.43253284
0.43257593
0.43261898
0.43266198
0.43270493
0.43274784
0.4327907
0.43283352
0.43287629
0.43291901
0.43296169
0.43300432
0.4330469
0.43308944
0.43313193
0.43317438
0.43321678
0.43325914
0.43330145
0.43334371
0.43338593
0.4334281
0.43347023
0.43351231
0.43355434
0.43359633
0.43363828
0.43368018
0.43372203
0.43376384
0.4338056
0.43384732
0.43388899
0.43393062
0.43397221
0.43401375
0.43405524
0.43409669
0.43413809
0.43417945
0.43422077
0.43426204
0.43430326
0.43434444
0.43438558
0.43442667
0.43446772
0.43450872
0.43454968
0.4345906
0.43463147
0.43467229
0.43471308
0.43475381
0.43479451
0.43483516
0.43487577
0.43491633
0.43495685
0.43499733
0.43503776
0.43507815
0.43511849
0.4351588
0.43519906
0.43523927
0.43527944
0.43531957
0.43535966
0.43539971
0.43543971
0.43547967
0.43551958
0.43555946
0.43559929
0.43563908
0.43567883
0.43571853
0.4357582
0.43579782
0.4358374
0.43587694
0.43591644
0.4359559
0.43599532
0.4360347
0.43607404
0.43611334
0.4361526
0.43619182
0.43623101
0.43627015
0.43630926
0.43634833
0.43638736
0.43642635
0.43646529
0.57135399
0.57128118
0.57121164
0.57114674
0.57108804
0.57103755
0.5709974
0.57096922
0.57095358
0.5709497
0.57095563
0.57096869
0.57098594
0.57100455
0.57102213
0.57103681
0.57104727
0.57105269
0.57105267
0.57104715
0.57103629
0.57102041
0.57099992
0.57097529
0.570947
0.57091551
0.57088125
0.57084463
0.570806
0.57076569
0.57072397
0.57068108
0.57063723
0.5705926
0.57054734
0.57050157
0.57045539
0.57040891
0.57036219
0.57031529
0.57026826
0.57022116
0.57017404
0.57012697
0.57007996
0.57003302
0.56998615
0.56993936
0.56989266
0.56984604
0.56979953
0.56975312
0.56970682
0.56966063
0.56961455
0.56956859
0.56952275
0.56947703
0.56943142
0.56938593
0.56934055
0.56929528
0.56925012
0.56920506
0.56916006
0.5691151
0.56907019
0.56902533
0.56898052
0.56893577
0.56889106
0.56884641
0.56880181
0.56875725
0.56871275
0.5686683
0.56862389
0.56857954
0.56853523
0.56849097
0.56844675
0.56840259
0.56835847
0.56831439
0.56827037
0.56822639
0.56818246
0.56813857
0.56809473
0.56805094
0.56800719
0.56796349
0.56791984
0.56787623
0.56783267
0.56778916
0.56774569
0.56770226
0.56765887
0.56761553
0.56757223
0.56752898
0.56748578
0.56744262
0.56739951
0.56735644
0.56731343
0.56727046
0.56722753
0.56718466
0.56714183
0.56709905
0.56705632
0.56701364
0.566971
0.56692841
0.56688587
0.56684338
0.56680093
0.56675853
0.56671618
0.56667387
0.56663161
0.5665894
0.56654723
0.56650511
0.56646303
0.566421
0.56637902
0.56633708
0.56629518
0.56625334
0.56621153
0.56616978
0.56612806
0.5660864
0.56604478
0.5660032
0.56596167
0.56592018
0.56587874
0.56583734
0.56579599
0.56575468
0.56571342
0.5656722
0.56563102
0.56558989
0.56554881
0.56550777
0.56546677
0.56542582
0.56538491
0.56534405
0.56530323
0.56526245
0.56522172
0.56518103
0.56514039
0.56509979
0.56505923
0.56501872
0.56497825
0.56493783
0.56489744
0.56485711
0.56481681
0.56477656
0.56473635
0.56469619
0.56465607
0.56461599
0.56457596
0.56453597
0.56449602
0.56445612
0.56441626
0.56437644
0.56433666
0.56429693
0.56425724
0.56421759
0.56417799
0.56413843
0.56409891
0.56405944
0.56402
0.56398061
0.56394127
0.56390196
0.5638627
0.56382349
0.56378431
0.56374518
0.56370609
0.56366704
0.56362804
0.56358908
0.56355016
0.56351129
0.57142854
0.57142891
0.57143345
0.57145429
0.57151377
0.57163877
0.57185103
0.57215957
0.57255875
0.57303129
0.57355345
0.57410011
0.57464838
0.57517967
0.57568033
0.57614145
0.57655816
0.57692882
0.57725413
0.57753637
0.57777885
0.57798538
0.57815996
0.57830657
0.57842895
0.57853058
0.57861459
0.57868375
0.57874049
0.57878691
0.57882483
0.57885576
0.578881
0.57890164
0.57891856
0.57893251
0.5789441
0.57895384
0.57896214
0.57896931
0.57897562
0.57898129
0.57898645
0.57899151
0.57899651
0.57900146
0.57900637
0.57901126
0.57901613
0.57902098
0.57902582
0.57903066
0.57903549
0.57904032
0.57904514
0.57904996
0.57905478
0.57905959
0.5790644
0.5790692
0.579074
0.57907879
0.57908357
0.57908835
0.57909311
0.57909787
0.57910262
0.57910736
0.57911208
0.57911679
0.57912148
0.57912616
0.57913084
0.5791355
0.57914015
0.57914479
0.57914942
0.57915403
0.57915862
0.5791632
0.57916776
0.57917231
0.57917683
0.57918134
0.57918583
0.5791903
0.57919476
0.57919919
0.57920361
0.57920801
0.57921239
0.57921676
0.5792211
0.57922543
0.57922975
0.57923404
0.57923832
0.57924259
0.57924684
0.57925107
0.57925529
0.57925949
0.57926367
0.57926784
0.579272
0.57927614
0.57928026
0.57928437
0.57928847
0.57929255
0.57929661
0.57930066
0.57930469
0.57930871
0.57931272
0.57931671
0.57932068
0.57932464
0.57932859
0.57933252
0.57933643
0.57934033
0.57934422
0.57934809
0.57935194
0.57935578
0.57935961
0.57936342
0.57936722
0.579371
0.57937477
0.57937852
0.57938226
0.57938598
0.57938969
0.57939339
0.57939707
0.57940074
0.57940439
0.57940802
0.57941165
0.57941525
0.57941885
0.57942243
0.57942599
0.57942954
0.57943308
0.5794366
0.57944011
0.57944361
0.57944709
0.57945055
0.579454
0.57945744
0.57946086
0.57946427
0.57946767
0.57947105
0.57947442
0.57947777
0.57948111
0.57948444
0.57948775
0.57949105
0.57949433
0.5794976
0.57950086
0.5795041
0.57950733
0.57951055
0.57951375
0.57951694
0.57952012
0.57952328
0.57952643
0.57952956
0.57953268
0.57953579
0.57953888
0.57954197
0.57954503
0.57954809
0.57955113
0.57955416
0.57955718
0.57956018
0.57956317
0.57956615
0.57956911
0.57957206
0.579575
0.57957793
0.57958085
0.57958375
0.57958665
0.57958953
0.5795924
0.57959525
0.5795981
0.57960093
0.57142918
0.57144827
0.57155921
0.57189352
0.57258944
0.57372982
0.57531337
0.57726562
0.57947073
0.58180345
0.58415139
0.58642581
0.58856412
0.59052747
0.59229623
0.59386519
0.59523917
0.59642943
0.59745104
0.59832085
0.59905612
0.59967367
0.60018931
0.60061749
0.60097123
0.60126205
0.60150001
0.60169386
0.60185108
0.60197807
0.60208023
0.60216213
0.60222756
0.60227971
0.60232121
0.6023542
0.60238048
0.60240148
0.60241838
0.60243212
0.60244347
0.60245302
0.60246127
0.60246906
0.60247661
0.60248402
0.60249133
0.60249859
0.60250585
0.60251311
0.60252041
0.60252775
0.60253514
0.60254258
0.60255008
0.60255763
0.60256523
0.60257289
0.60258059
0.60258834
0.60259613
0.60260395
0.60261181
0.6026197
0.60262762
0.60263555
0.60264351
0.60265149
0.60265948
0.60266748
0.60267548
0.60268349
0.6026915
0.60269952
0.60270755
0.60271559
0.60272363
0.60273167
0.60273971
0.60274775
0.60275578
0.60276381
0.60277184
0.60277986
0.60278787
0.60279587
0.60280387
0.60281186
0.60281984
0.60282781
0.60283578
0.60284374
0.6028517
0.60285964
0.60286759
0.60287553
0.60288346
0.60289139
0.60289931
0.60290723
0.60291515
0.60292306
0.60293097
0.60293888
0.60294679
0.60295469
0.60296259
0.60297048
0.60297837
0.60298626
0.60299415
0.60300203
0.60300991
0.60301779
0.60302566
0.60303353
0.6030414
0.60304927
0.60305713
0.60306499
0.60307284
0.6030807
0.60308855
0.60309639
0.60310424
0.60311208
0.60311991
0.60312775
0.60313558
0.6031434
0.60315123
0.60315905
0.60316687
0.60317468
0.60318249
0.6031903
0.60319811
0.60320591
0.60321371
0.6032215
0.60322929
0.60323708
0.60324487
0.60325265
0.60326043
0.6032682
0.60327597
0.60328374
0.60329151
0.60329927
0.60330703
0.60331478
0.60332254
0.60333028
0.60333803
0.60334577
0.60335351
0.60336125
0.60336898
0.60337671
0.60338443
0.60339215
0.60339987
0.60340759
0.6034153
0.60342301
0.60343071
0.60343842
0.60344612
0.60345381
0.6034615
0.60346919
0.60347688
0.60348456
0.60349224
0.60349992
0.60350759
0.60351526
0.60352293
0.60353059
0.60353825
0.60354591
0.60355357
0.60356122
0.60356887
0.60357652
0.60358416
0.6035918
0.60359944
0.60360708
0.60361472
0.60362236
0.60363
0.60363763
0.60364527
0.6036529
0.60366054
0.60366817
0.60367581
0.60368343
0.57147809
0.57198733
0.57354604
0.57653316
0.58094382
0.58646089
0.59263057
0.59901311
0.60526224
0.61114443
0.6165254
0.62134545
0.62559539
0.6292974
0.63249123
0.63522506
0.63754967
0.63951491
0.64116771
0.64255109
0.64370367
0.64465972
0.64544929
0.64609851
0.64662994
0.64706294
0.64741404
0.64769729
0.64792456
0.64810586
0.64824956
0.64836268
0.64845103
0.64851944
0.64857188
0.64861163
0.64864135
0.64866321
0.64867898
0.64869006
0.6486976
0.6487025
0.64870546
0.64870747
0.64870882
0.64870975
0.64871043
0.64871099
0.64871152
0.6487121
0.64871277
0.64871357
0.64871451
0.64871561
0.64871686
0.64871827
0.64871984
0.64872155
0.64872339
0.64872536
0.64872745
0.64872964
0.64873193
0.6487343
0.64873675
0.64873927
0.64874184
0.64874446
0.64874713
0.64874983
0.64875257
0.64875533
0.64875811
0.64876089
0.64876368
0.64876649
0.64876931
0.64877213
0.64877496
0.64877779
0.64878061
0.64878344
0.64878627
0.64878909
0.6487919
0.64879471
0.64879751
0.64880031
0.6488031
0.64880589
0.64880867
0.64881145
0.64881422
0.64881699
0.64881975
0.64882251
0.64882526
0.64882802
0.64883077
0.64883352
0.64883626
0.64883901
0.64884175
0.64884449
0.64884723
0.64884997
0.64885271
0.64885545
0.64885819
0.64886093
0.64886366
0.6488664
0.64886913
0.64887187
0.6488746
0.64887733
0.64888007
0.6488828
0.64888553
0.64888826
0.64889099
0.64889372
0.64889644
0.64889917
0.6489019
0.64890462
0.64890735
0.64891007
0.64891279
0.64891551
0.64891823
0.64892095
0.64892367
0.64892639
0.64892911
0.64893182
0.64893453
0.64893725
0.64893996
0.64894267
0.64894538
0.64894809
0.6489508
0.64895351
0.64895621
0.64895892
0.64896162
0.64896432
0.64896703
0.64896973
0.64897243
0.64897512
0.64897782
0.64898052
0.64898321
0.64898591
0.6489886
0.6489913
0.64899399
0.64899668
0.64899937
0.64900206
0.64900474
0.64900743
0.64901012
0.6490128
0.64901548
0.64901817
0.64902085
0.64902353
0.64902621
0.64902889
0.64903157
0.64903425
0.64903692
0.6490396
0.64904227
0.64904495
0.64904762
0.6490503
0.64905297
0.64905564
0.64905832
0.64906099
0.64906366
0.64906633
0.649069
0.64907168
0.64907435
0.64907703
0.64907971
0.64908239
0.64908507
0.64908775
0.64909044
0.64909313
0.64909583
0.64909853
0.64910123
0.64910393
0.57443457
0.58257014
0.59415758
0.60730864
0.62049298
0.63275106
0.64363639
0.65304829
0.66107119
0.6678643
0.67360091
0.67844128
0.68252396
0.68596563
0.68886388
0.69130061
0.69334496
0.69505572
0.69648311
0.69767017
0.69865387
0.69946591
0.70013349
0.70067987
0.70112492
0.70148553
0.70177604
0.70200858
0.70219337
0.70233898
0.7024526
0.70254022
0.7026068
0.70265646
0.70269258
0.70271796
0.70273485
0.70274511
0.70275023
0.70275141
0.70274961
0.7027456
0.70273999
0.70273313
0.70272532
0.70271689
0.70270811
0.70269916
0.70269018
0.70268129
0.70267255
0.702664
0.70265568
0.7026476
0.70263975
0.70263215
0.70262478
0.70261762
0.70261067
0.70260391
0.70259732
0.70259089
0.70258461
0.70257845
0.7025724
0.70256646
0.7025606
0.70255482
0.70254911
0.70254346
0.70253786
0.7025323
0.70252677
0.70252127
0.70251579
0.70251031
0.70250485
0.7024994
0.70249396
0.70248853
0.7024831
0.70247768
0.70247226
0.70246684
0.70246142
0.702456
0.70245058
0.70244517
0.70243975
0.70243433
0.70242892
0.7024235
0.70241809
0.70241268
0.70240727
0.70240186
0.70239645
0.70239104
0.70238564
0.70238024
0.70237484
0.70236944
0.70236405
0.70235866
0.70235327
0.70234789
0.70234251
0.70233713
0.70233176
0.70232639
0.70232103
0.70231567
0.70231031
0.70230496
0.70229961
0.70229427
0.70228893
0.70228359
0.70227826
0.70227293
0.7022676
0.70226228
0.70225696
0.70225165
0.70224634
0.70224103
0.70223573
0.70223043
0.70222514
0.70221984
0.70221455
0.70220927
0.70220399
0.70219871
0.70219343
0.70218816
0.7021829
0.70217763
0.70217237
0.70216711
0.70216186
0.70215661
0.70215136
0.70214612
0.70214088
0.70213564
0.70213041
0.70212518
0.70211995
0.70211473
0.70210951
0.70210429
0.70209908
0.70209387
0.70208866
0.70208346
0.70207826
0.70207306
0.70206787
0.70206268
0.7020575
0.70205231
0.70204714
0.70204196
0.70203679
0.70203162
0.70202645
0.70202129
0.70201613
0.70201098
0.70200583
0.70200068
0.70199554
0.7019904
0.70198526
0.70198012
0.70197499
0.70196987
0.70196474
0.70195963
0.70195451
0.7019494
0.70194429
0.70193919
0.70193409
0.70192899
0.7019239
0.70191881
0.70191373
0.70190866
0.70190359
0.70189852
0.70189346
0.70188841
0.70188337
0.70187833
0.7018733
0.70186827
0.70186326
0.70185824
0.71421429
0.71415783
0.71414438
0.71425066
0.71459986
0.71530904
0.71643436
0.7179537
0.71978464
0.72181579
0.72393421
0.72604253
0.72806622
0.72995424
0.73167614
0.73321783
0.73457728
0.73576075
0.73677971
0.73764862
0.73838321
0.73899937
0.73951241
0.73993658
0.74028486
0.74056887
0.74079881
0.74098358
0.74113085
0.74124717
0.7413381
0.74140831
0.74146172
0.74150161
0.74153066
0.74155111
0.74156476
0.74157311
0.74157734
0.74157844
0.74157715
0.74157412
0.74156997
0.74156465
0.74155853
0.74155191
0.74154499
0.74153795
0.7415309
0.74152392
0.74151708
0.74151042
0.74150394
0.74149768
0.74149162
0.74148577
0.74148012
0.74147465
0.74146935
0.74146422
0.74145923
0.74145437
0.74144964
0.74144501
0.74144047
0.74143602
0.74143165
0.74142734
0.74142308
0.74141887
0.7414147
0.74141057
0.74140647
0.74140239
0.74139833
0.74139427
0.74139023
0.7413862
0.74138217
0.74137815
0.74137413
0.74137011
0.7413661
0.74136209
0.74135808
0.74135407
0.74135006
0.74134605
0.74134204
0.74133803
0.74133402
0.74133001
0.741326
0.74132199
0.74131798
0.74131397
0.74130997
0.74130596
0.74130196
0.74129796
0.74129395
0.74128996
0.74128596
0.74128196
0.74127797
0.74127398
0.74126999
0.741266
0.74126202
0.74125803
0.74125406
0.74125008
0.7412461
0.74124213
0.74123816
0.7412342
0.74123023
0.74122627
0.74122231
0.74121836
0.7412144
0.74121045
0.7412065
0.74120255
0.74119861
0.74119466
0.74119072
0.74118679
0.74118285
0.74117892
0.74117498
0.74117105
0.74116713
0.7411632
0.74115928
0.74115536
0.74115144
0.74114752
0.74114361
0.7411397
0.74113579
0.74113188
0.74112797
0.74112407
0.74112017
0.74111627
0.74111237
0.74110848
0.74110458
0.74110069
0.74109681
0.74109292
0.74108903
0.74108515
0.74108127
0.74107739
0.74107352
0.74106964
0.74106577
0.7410619
0.74105804
0.74105417
0.74105031
0.74104645
0.74104259
0.74103873
0.74103488
0.74103102
0.74102717
0.74102332
0.74101948
0.74101563
0.74101179
0.74100795
0.74100412
0.74100028
0.74099645
0.74099262
0.74098879
0.74098496
0.74098114
0.74097732
0.7409735
0.74096968
0.74096587
0.74096206
0.74095825
0.74095445
0.74095064
0.74094685
0.74094305
0.74093926
0.74093548
0.7409317
0.74092792
0.74092415
0.74092038
0.74091662
0.74091287
0.74090911
0.71428614
0.71431706
0.71454925
0.71531584
0.71693339
0.71952061
0.72296906
0.72702772
0.73140618
0.73584471
0.74014482
0.74417309
0.747852
0.75114657
0.75405164
0.75658149
0.75876197
0.760625
0.76220476
0.76353532
0.76464912
0.76557614
0.76634351
0.76697535
0.76749288
0.76791456
0.76825627
0.76853165
0.76875228
0.76892793
0.76906685
0.76917591
0.76926085
0.76932641
0.76937649
0.76941432
0.7694425
0.76946316
0.76947801
0.76948845
0.76949555
0.76950021
0.76950348
0.76950581
0.76950752
0.76950882
0.7695099
0.76951088
0.76951187
0.76951292
0.76951409
0.76951539
0.76951686
0.76951849
0.76952029
0.76952226
0.76952438
0.76952665
0.76952905
0.76953158
0.76953422
0.76953697
0.7695398
0.76954272
0.76954571
0.76954876
0.76955187
0.76955502
0.76955821
0.76956143
0.76956468
0.76956796
0.76957125
0.76957455
0.76957787
0.76958119
0.76958451
0.76958784
0.76959118
0.76959451
0.76959784
0.76960117
0.76960449
0.76960781
0.76961113
0.76961444
0.76961774
0.76962104
0.76962433
0.76962762
0.76963089
0.76963417
0.76963743
0.76964069
0.76964395
0.7696472
0.76965044
0.76965368
0.76965691
0.76966014
0.76966337
0.76966659
0.76966981
0.76967302
0.76967623
0.76967944
0.76968264
0.76968584
0.76968903
0.76969222
0.76969541
0.7696986
0.76970178
0.76970496
0.76970813
0.7697113
0.76971447
0.76971763
0.76972079
0.76972395
0.7697271
0.76973025
0.7697334
0.76973654
0.76973968
0.76974281
0.76974594
0.76974907
0.7697522
0.76975532
0.76975844
0.76976155
0.76976466
0.76976776
0.76977087
0.76977397
0.76977706
0.76978015
0.76978324
0.76978633
0.76978941
0.76979249
0.76979556
0.76979863
0.7698017
0.76980476
0.76980782
0.76981087
0.76981393
0.76981697
0.76982002
0.76982306
0.7698261
0.76982913
0.76983216
0.76983519
0.76983821
0.76984123
0.76984425
0.76984726
0.76985027
0.76985328
0.76985628
0.76985928
0.76986227
0.76986527
0.76986825
0.76987124
0.76987422
0.7698772
0.76988017
0.76988314
0.76988611
0.76988907
0.76989204
0.76989499
0.76989795
0.7699009
0.76990385
0.76990679
0.76990973
0.76991267
0.76991561
0.76991854
0.76992147
0.7699244
0.76992732
0.76993024
0.76993316
0.76993608
0.769939
0.76994192
0.76994484
0.76994776
0.76995067
0.76995359
0.76995651
0.76995943
0.76996235
0.76996526
0.71429999
0.71464725
0.71616824
0.71961347
0.72508691
0.73210849
0.73997154
0.74802738
0.75580433
0.76301442
0.76951416
0.77525835
0.78026214
0.78457411
0.78825883
0.79138624
0.79402546
0.79624149
0.79809364
0.79963493
0.8009121
0.80196597
0.80283186
0.80354016
0.8041169
0.80458421
0.8049609
0.80526284
0.80550336
0.80569366
0.80584307
0.80595937
0.80604898
0.8061172
0.80616841
0.80620616
0.80623336
0.80625235
0.80626503
0.80627292
0.80627722
0.80627889
0.80627914
0.8062781
0.80627621
0.80627379
0.80627109
0.80626829
0.80626553
0.80626289
0.80626043
0.8062582
0.80625622
0.80625449
0.80625302
0.80625179
0.80625079
0.80625002
0.80624945
0.80624907
0.80624885
0.80624879
0.80624887
0.80624906
0.80624936
0.80624976
0.80625024
0.80625078
0.80625139
0.80625205
0.80625276
0.8062535
0.80625427
0.80625507
0.80625588
0.80625672
0.80625756
0.80625841
0.80625927
0.80626013
0.80626099
0.80626186
0.80626273
0.80626359
0.80626446
0.80626532
0.80626618
0.80626704
0.80626789
0.80626874
0.80626959
0.80627044
0.80627128
0.80627212
0.80627296
0.8062738
0.80627463
0.80627546
0.8062763
0.80627713
0.80627795
0.80627878
0.80627961
0.80628044
0.80628127
0.80628209
0.80628292
0.80628374
0.80628457
0.8062854
0.80628622
0.80628705
0.80628787
0.8062887
0.80628952
0.80629035
0.80629118
0.806292
0.80629283
0.80629365
0.80629448
0.8062953
0.80629612
0.80629695
0.80629777
0.8062986
0.80629942
0.80630024
0.80630106
0.80630189
0.80630271
0.80630353
0.80630435
0.80630517
0.80630599
0.80630681
0.80630763
0.80630845
0.80630927
0.80631009
0.80631091
0.80631173
0.80631255
0.80631336
0.80631418
0.806315
0.80631581
0.80631663
0.80631744
0.80631826
0.80631907
0.80631989
0.8063207
0.80632151
0.80632233
0.80632314
0.80632395
0.80632476
0.80632557
0.80632638
0.8063272
0.80632801
0.80632882
0.80632962
0.80633043
0.80633124
0.80633205
0.80633286
0.80633367
0.80633447
0.80633528
0.80633609
0.80633689
0.8063377
0.80633851
0.80633931
0.80634012
0.80634092
0.80634173
0.80634253
0.80634334
0.80634414
0.80634495
0.80634575
0.80634656
0.80634736
0.80634817
0.80634898
0.80634979
0.8063506
0.80635141
0.80635223
0.80635305
0.80635387
0.8063547
0.80635553
0.80635636
0.8063572
0.80635804
0.80635888
0.7146535
0.71773005
0.72512893
0.73620694
0.74917849
0.76238659
0.77477986
0.78586303
0.7955
0.80374382
0.8107292
0.81661488
0.82155625
0.82569422
0.82915206
0.8320357
0.83443541
0.83642784
0.83807792
0.83944068
0.84056269
0.84148338
0.84223608
0.84284896
0.84334578
0.84374655
0.84406808
0.84432447
0.84452752
0.84468705
0.84481125
0.84490689
0.84497958
0.84503391
0.84507367
0.84510193
0.8451212
0.84513349
0.84514045
0.84514337
0.84514328
0.845141
0.8451374
0.84513243
0.84512657
0.84512018
0.84511351
0.84510678
0.84510012
0.84509362
0.84508736
0.84508137
0.84507567
0.84507027
0.84506516
0.84506034
0.84505579
0.84505149
0.84504742
0.84504357
0.84503991
0.84503642
0.84503308
0.84502989
0.84502681
0.84502384
0.84502096
0.84501816
0.84501543
0.84501276
0.84501014
0.84500757
0.84500502
0.84500251
0.84500002
0.84499755
0.8449951
0.84499265
0.84499021
0.84498778
0.84498535
0.84498292
0.84498049
0.84497807
0.84497564
0.84497322
0.84497079
0.84496837
0.84496594
0.84496351
0.84496108
0.84495865
0.84495622
0.84495379
0.84495135
0.84494892
0.84494649
0.84494405
0.84494162
0.84493919
0.84493675
0.84493432
0.84493189
0.84492946
0.84492703
0.8449246
0.84492217
0.84491974
0.84491731
0.84491489
0.84491247
0.84491004
0.84490762
0.8449052
0.84490278
0.84490037
0.84489795
0.84489554
0.84489312
0.84489071
0.8448883
0.84488589
0.84488348
0.84488107
0.84487866
0.84487626
0.84487385
0.84487145
0.84486905
0.84486665
0.84486425
0.84486185
0.84485945
0.84485705
0.84485465
0.84485226
0.84484986
0.84484747
0.84484508
0.84484268
0.84484029
0.8448379
0.84483552
0.84483313
0.84483074
0.84482835
0.84482597
0.84482359
0.8448212
0.84481882
0.84481644
0.84481406
0.84481168
0.8448093
0.84480692
0.84480455
0.84480217
0.8447998
0.84479742
0.84479505
0.84479268
0.84479031
0.84478794
0.84478557
0.8447832
0.84478084
0.84477847
0.84477611
0.84477374
0.84477138
0.84476902
0.84476666
0.8447643
0.84476194
0.84475958
0.84475722
0.84475487
0.84475251
0.84475016
0.84474781
0.84474546
0.84474311
0.84474076
0.84473842
0.84473607
0.84473373
0.84473139
0.84472905
0.84472671
0.84472438
0.84472205
0.84471972
0.8447174
0.84471508
0.84471277
0.84471046
0.84470815
0.84470585
0.84470356
0.84470126
0.72221398
0.74068115
0.762459
0.78283851
0.80005446
0.81402108
0.82525345
0.83433958
0.84176671
0.84789915
0.85300193
0.85726948
0.86084822
0.86385194
0.8663718
0.86848264
0.87024696
0.87171767
0.8729398
0.87395187
0.87478684
0.87547293
0.87603423
0.8764913
0.8768616
0.87715993
0.87739881
0.87758877
0.87773865
0.87785583
0.87794648
0.87801569
0.87806769
0.87810595
0.87813331
0.8781521
0.8781642
0.87817114
0.87817412
0.87817414
0.87817196
0.87816846
0.87816354
0.8781575
0.87815074
0.87814357
0.87813621
0.87812883
0.87812153
0.87811442
0.87810753
0.87810089
0.87809453
0.87808844
0.87808263
0.87807707
0.87807175
0.87806666
0.87806178
0.87805708
0.87805256
0.87804819
0.87804396
0.87803985
0.87803585
0.87803194
0.87802812
0.87802436
0.87802066
0.87801702
0.87801342
0.87800986
0.87800633
0.87800283
0.87799935
0.87799589
0.87799244
0.877989
0.87798556
0.87798213
0.87797871
0.87797529
0.87797187
0.87796845
0.87796503
0.87796161
0.87795819
0.87795478
0.87795136
0.87794794
0.87794453
0.87794111
0.8779377
0.87793428
0.87793086
0.87792745
0.87792404
0.87792062
0.87791721
0.8779138
0.87791039
0.87790697
0.87790357
0.87790016
0.87789675
0.87789335
0.87788994
0.87788654
0.87788314
0.87787974
0.87787635
0.87787295
0.87786956
0.87786617
0.87786278
0.87785939
0.877856
0.87785262
0.87784924
0.87784586
0.87784248
0.8778391
0.87783572
0.87783235
0.87782897
0.8778256
0.87782223
0.87781886
0.8778155
0.87781213
0.87780877
0.8778054
0.87780204
0.87779868
0.87779533
0.87779197
0.87778861
0.87778526
0.87778191
0.87777856
0.87777521
0.87777186
0.87776851
0.87776517
0.87776183
0.87775848
0.87775514
0.8777518
0.87774847
0.87774513
0.87774179
0.87773846
0.87773513
0.8777318
0.87772847
0.87772514
0.87772182
0.87771849
0.87771517
0.87771185
0.87770853
0.87770521
0.87770189
0.87769857
0.87769526
0.87769195
0.87768864
0.87768533
0.87768202
0.87767871
0.8776754
0.8776721
0.8776688
0.8776655
0.8776622
0.8776589
0.8776556
0.87765231
0.87764901
0.87764572
0.87764243
0.87763914
0.87763585
0.87763257
0.87762929
0.87762601
0.87762273
0.87761945
0.87761618
0.87761291
0.87760964
0.87760637
0.87760311
0.87759986
0.8775966
0.87759336
0.87759011
0.87758687
0.87758364
0.8775804
0.85707814
0.85712508
0.8576377
0.85902315
0.86140872
0.86462063
0.86834662
0.87227681
0.87616873
0.87985925
0.88325294
0.88630436
0.88900199
0.8913556
0.89338741
0.89512606
0.89660266
0.89784837
0.89889295
0.89976392
0.9004862
0.90108201
0.90157089
0.90196987
0.90229366
0.9025549
0.90276433
0.90293107
0.90306282
0.90316603
0.90324608
0.90330743
0.9033538
0.90338823
0.9034132
0.90343076
0.90344255
0.9034499
0.90345388
0.90345533
0.90345492
0.90345357
0.90345102
0.90344767
0.90344382
0.90343969
0.90343546
0.90343124
0.90342712
0.90342315
0.90341938
0.90341581
0.90341247
0.90340935
0.90340644
0.90340374
0.90340123
0.9033989
0.90339673
0.9033947
0.90339281
0.90339104
0.90338937
0.9033878
0.9033863
0.90338488
0.90338352
0.90338222
0.90338096
0.90337974
0.90337855
0.90337739
0.90337625
0.90337513
0.90337403
0.90337294
0.90337186
0.90337078
0.90336971
0.90336865
0.90336758
0.90336652
0.90336545
0.90336439
0.90336333
0.90336226
0.9033612
0.90336013
0.90335906
0.90335799
0.90335692
0.90335585
0.90335477
0.9033537
0.90335262
0.90335155
0.90335047
0.90334939
0.90334831
0.90334723
0.90334616
0.90334507
0.90334399
0.90334291
0.90334183
0.90334075
0.90333967
0.90333859
0.90333751
0.90333643
0.90333535
0.90333427
0.90333318
0.9033321
0.90333102
0.90332994
0.90332886
0.90332778
0.9033267
0.90332562
0.90332454
0.90332346
0.90332238
0.9033213
0.90332022
0.90331914
0.90331806
0.90331698
0.9033159
0.90331481
0.90331373
0.90331265
0.90331157
0.90331049
0.90330941
0.90330833
0.90330725
0.90330616
0.90330508
0.903304
0.90330292
0.90330184
0.90330075
0.90329967
0.90329859
0.90329751
0.90329642
0.90329534
0.90329426
0.90329318
0.90329209
0.90329101
0.90328993
0.90328884
0.90328776
0.90328668
0.90328559
0.90328451
0.90328342
0.90328234
0.90328126
0.90328017
0.90327909
0.903278
0.90327692
0.90327583
0.90327475
0.90327366
0.90327258
0.90327149
0.90327041
0.90326932
0.90326824
0.90326715
0.90326607
0.90326498
0.9032639
0.90326281
0.90326173
0.90326064
0.90325956
0.90325847
0.90325739
0.9032563
0.90325522
0.90325413
0.90325305
0.90325197
0.90325089
0.90324981
0.90324873
0.90324765
0.90324657
0.9032455
0.90324443
0.90324336
0.90324229
0.90324123
0.90324017
0.90323911
0.85716255
0.85769806
0.85977969
0.86381468
0.869368
0.87569991
0.88216815
0.88834755
0.89400657
0.89904814
0.90345694
0.90726267
0.9105169
0.91327954
0.9156113
0.91756975
0.91920747
0.92057144
0.92170295
0.92263797
0.92340757
0.92403844
0.92455338
0.92497179
0.92531014
0.92558234
0.92580008
0.92597319
0.92610988
0.92621697
0.92630015
0.92636411
0.9264127
0.92644909
0.92647586
0.92649512
0.92650856
0.92651755
0.92652316
0.92652628
0.92652757
0.92652804
0.92652751
0.92652632
0.92652474
0.92652295
0.9265211
0.9265193
0.92651761
0.92651608
0.92651474
0.92651361
0.92651268
0.92651196
0.92651143
0.9265111
0.92651094
0.92651094
0.92651108
0.92651136
0.92651176
0.92651227
0.92651286
0.92651354
0.92651429
0.9265151
0.92651597
0.92651688
0.92651783
0.92651882
0.92651983
0.92652086
0.92652191
0.92652298
0.92652406
0.92652515
0.92652624
0.92652734
0.92652844
0.92652954
0.92653064
0.92653174
0.92653284
0.92653393
0.92653503
0.92653612
0.92653721
0.92653829
0.92653937
0.92654045
0.92654152
0.92654259
0.92654366
0.92654472
0.92654578
0.92654684
0.9265479
0.92654895
0.92655
0.92655104
0.92655209
0.92655313
0.92655417
0.92655521
0.92655624
0.92655727
0.9265583
0.92655933
0.92656036
0.92656138
0.9265624
0.92656342
0.92656444
0.92656546
0.92656647
0.92656748
0.92656849
0.9265695
0.9265705
0.92657151
0.92657251
0.92657351
0.92657451
0.9265755
0.92657649
0.92657749
0.92657847
0.92657946
0.92658044
0.92658143
0.92658241
0.92658339
0.92658436
0.92658534
0.92658631
0.92658728
0.92658824
0.92658921
0.92659017
0.92659113
0.92659209
0.92659305
0.926594
0.92659496
0.92659591
0.92659685
0.9265978
0.92659874
0.92659969
0.92660062
0.92660156
0.9266025
0.92660343
0.92660436
0.92660529
0.92660622
0.92660714
0.92660807
0.92660899
0.9266099
0.92661082
0.92661174
0.92661265
0.92661356
0.92661447
0.92661537
0.92661628
0.92661718
0.92661808
0.92661898
0.92661987
0.92662076
0.92662166
0.92662255
0.92662343
0.92662432
0.9266252
0.92662608
0.92662696
0.92662784
0.92662872
0.92662959
0.92663046
0.92663133
0.9266322
0.92663307
0.92663394
0.9266348
0.92663567
0.92663653
0.92663739
0.92663825
0.92663912
0.92663998
0.92664084
0.92664171
0.92664257
0.92664343
0.9266443
0.92664516
0.85738628
0.86013635
0.8668361
0.87631402
0.88672132
0.89676076
0.90579654
0.91362522
0.92026607
0.92583325
0.93046972
0.93431675
0.93750175
0.94013478
0.94230887
0.94410182
0.94557836
0.9467923
0.94778833
0.94860362
0.94926913
0.94981064
0.95024966
0.95060412
0.95088898
0.95111671
0.95129768
0.95144051
0.95155235
0.95163912
0.95170571
0.95175614
0.95179369
0.95182107
0.95184045
0.95185361
0.95186197
0.95186669
0.95186868
0.95186864
0.95186761
0.95186528
0.95186199
0.95185809
0.95185384
0.95184944
0.95184502
0.95184069
0.95183651
0.95183253
0.95182877
0.95182525
0.95182196
0.95181891
0.95181608
0.95181345
0.95181102
0.95180877
0.95180667
0.95180472
0.9518029
0.95180119
0.95179959
0.95179807
0.95179663
0.95179526
0.95179395
0.95179268
0.95179146
0.95179028
0.95178913
0.951788
0.95178689
0.9517858
0.95178472
0.95178366
0.9517826
0.95178155
0.9517805
0.95177946
0.95177841
0.95177737
0.95177633
0.95177528
0.95177424
0.95177319
0.95177214
0.95177109
0.95177004
0.95176899
0.95176794
0.95176688
0.95176582
0.95176477
0.95176371
0.95176264
0.95176158
0.95176052
0.95175945
0.95175839
0.95175732
0.95175625
0.95175519
0.95175412
0.95175305
0.95175198
0.95175091
0.95174984
0.95174876
0.95174769
0.95174662
0.95174555
0.95174447
0.9517434
0.95174232
0.95174125
0.95174017
0.9517391
0.95173802
0.95173694
0.95173587
0.95173479
0.95173371
0.95173263
0.95173155
0.95173047
0.95172939
0.95172831
0.95172723
0.95172615
0.95172506
0.95172398
0.95172289
0.95172181
0.95172072
0.95171964
0.95171855
0.95171746
0.95171638
0.95171529
0.9517142
0.95171311
0.95171202
0.95171093
0.95170983
0.95170874
0.95170765
0.95170656
0.95170546
0.95170437
0.95170327
0.95170217
0.95170108
0.95169998
0.95169888
0.95169778
0.95169669
0.95169559
0.95169448
0.95169338
0.95169228
0.95169118
0.95169008
0.95168897
0.95168787
0.95168676
0.95168566
0.95168455
0.95168345
0.95168234
0.95168123
0.95168012
0.95167901
0.95167791
0.9516768
0.95167568
0.95167457
0.95167346
0.95167235
0.95167124
0.95167012
0.95166901
0.9516679
0.95166678
0.95166567
0.95166455
0.95166344
0.95166232
0.95166121
0.95166009
0.95165898
0.95165787
0.95165676
0.95165565
0.95165454
0.95165343
0.95165232
0.95165122
0.95165012
0.95164902
0.85963004
0.87086443
0.8872982
0.90392109
0.91835762
0.93010421
0.93941543
0.94673718
0.95249674
0.95704577
0.96065785
0.96354148
0.96585483
0.9677183
0.96922417
0.97044384
0.97143307
0.9722358
0.972887
0.97341469
0.9738415
0.97418581
0.97446263
0.97468424
0.97486075
0.97500046
0.97511022
0.97519567
0.97526146
0.97531141
0.97534865
0.97537576
0.97539483
0.97540756
0.97541534
0.97541929
0.9754203
0.97541909
0.97541623
0.97541216
0.97540741
0.97540152
0.97539488
0.97538779
0.97538045
0.97537303
0.97536564
0.97535836
0.97535125
0.97534434
0.97533764
0.97533117
0.97532492
0.97531888
0.97531304
0.9753074
0.97530192
0.97529661
0.97529144
0.9752864
0.97528148
0.97527665
0.97527192
0.97526727
0.97526268
0.97525816
0.97525369
0.97524926
0.97524487
0.97524051
0.97523618
0.97523187
0.97522758
0.97522331
0.97521905
0.97521479
0.97521055
0.97520632
0.97520208
0.97519785
0.97519362
0.97518939
0.97518517
0.97518094
0.97517671
0.97517249
0.97516826
0.97516403
0.9751598
0.97515557
0.97515135
0.97514712
0.97514289
0.97513866
0.97513443
0.9751302
0.97512597
0.97512174
0.97511751
0.97511328
0.97510905
0.97510482
0.97510059
0.97509637
0.97509214
0.97508791
0.97508368
0.97507945
0.97507523
0.975071
0.97506677
0.97506255
0.97505832
0.9750541
0.97504987
0.97504565
0.97504143
0.97503721
0.97503298
0.97502876
0.97502454
0.97502032
0.9750161
0.97501188
0.97500766
0.97500344
0.97499922
0.974995
0.97499079
0.97498657
0.97498235
0.97497813
0.97497392
0.9749697
0.97496549
0.97496127
0.97495706
0.97495284
0.97494863
0.97494441
0.9749402
0.97493599
0.97493177
0.97492756
0.97492335
0.97491914
0.97491493
0.97491072
0.97490651
0.9749023
0.97489809
0.97489388
0.97488967
0.97488546
0.97488125
0.97487705
0.97487284
0.97486863
0.97486443
0.97486022
0.97485601
0.97485181
0.9748476
0.9748434
0.9748392
0.97483499
0.97483079
0.97482659
0.97482239
0.97481818
0.97481398
0.97480978
0.97480558
0.97480138
0.97479718
0.97479298
0.97478878
0.97478458
0.97478039
0.97477619
0.97477199
0.97476779
0.9747636
0.9747594
0.97475521
0.97475102
0.97474682
0.97474263
0.97473844
0.97473425
0.97473006
0.97472587
0.97472169
0.9747175
0.97471332
0.97470914
0.97470496
0.97470078
0.97469661
0.97469243
0.87799872
0.90875273
0.93353791
0.95081021
0.96247995
0.97043033
0.97596321
0.97990713
0.98278323
0.98492347
0.98654389
0.98778858
0.98875597
0.98951496
0.99011478
0.99059138
0.99097147
0.99127525
0.99151819
0.99171234
0.99186718
0.99199022
0.9920875
0.99216387
0.99222327
0.99226891
0.9923034
0.99232889
0.99234713
0.99235955
0.99236731
0.99237138
0.99237253
0.99237139
0.99236846
0.99236417
0.99235883
0.9923527
0.992346
0.992339
0.99233124
0.99232281
0.99231395
0.99230485
0.99229563
0.9922864
0.99227722
0.99226815
0.9922592
0.99225041
0.99224178
0.9922333
0.99222499
0.99221682
0.99220879
0.9922009
0.99219313
0.99218547
0.9921779
0.99217043
0.99216303
0.99215571
0.99214845
0.99214124
0.99213408
0.99212696
0.99211988
0.99211283
0.99210581
0.99209881
0.99209183
0.99208486
0.99207792
0.99207098
0.99206406
0.99205714
0.99205024
0.99204333
0.99203644
0.99202954
0.99202265
0.99201576
0.99200887
0.99200199
0.99199511
0.99198823
0.99198135
0.99197448
0.99196761
0.99196074
0.99195387
0.991947
0.99194014
0.99193328
0.99192642
0.99191957
0.99191271
0.99190586
0.99189901
0.99189217
0.99188532
0.99187848
0.99187164
0.9918648
0.99185797
0.99185114
0.99184431
0.99183748
0.99183065
0.99182383
0.99181701
0.99181019
0.99180338
0.99179657
0.99178976
0.99178295
0.99177615
0.99176935
0.99176255
0.99175575
0.99174896
0.99174217
0.99173538
0.99172859
0.99172181
0.99171503
0.99170825
0.99170147
0.9916947
0.99168793
0.99168116
0.99167439
0.99166763
0.99166087
0.99165411
0.99164735
0.9916406
0.99163385
0.9916271
0.99162035
0.99161361
0.99160687
0.99160013
0.99159339
0.99158666
0.99157993
0.9915732
0.99156647
0.99155975
0.99155303
0.99154631
0.99153959
0.99153288
0.99152617
0.99151946
0.99151275
0.99150605
0.99149935
0.99149265
0.99148595
0.99147926
0.99147257
0.99146588
0.99145919
0.99145251
0.99144582
0.99143915
0.99143247
0.99142579
0.99141912
0.99141245
0.99140579
0.99139912
0.99139246
0.9913858
0.99137914
0.99137249
0.99136584
0.99135919
0.99135254
0.9913459
0.99133925
0.99133261
0.99132598
0.99131934
0.99131271
0.99130608
0.99129945
0.99129283
0.99128621
0.99127959
0.99127297
0.99126636
0.99125975
0.99125314
0.99124654
0.99123994
0.99123334
0.99122675
0.99122016
0.99994742
0.99992834
0.99992446
0.99992539
0.99992722
0.99992871
0.99992953
0.99992965
0.99992914
0.99992804
0.99992643
0.99992435
0.99992185
0.99991896
0.9999157
0.99991211
0.99990821
0.99990402
0.99989957
0.99989488
0.99988997
0.99988486
0.99987957
0.99987411
0.99986852
0.9998628
0.99985697
0.99985105
0.99984505
0.99983897
0.99983284
0.99982666
0.99982044
0.99981419
0.99980792
0.99980162
0.99979531
0.99978899
0.99978266
0.9997762
0.9997694
0.99976238
0.99975521
0.99974798
0.99974073
0.99973348
0.99972628
0.99971913
0.99971204
0.99970502
0.99969807
0.9996912
0.99968439
0.99967765
0.99967096
0.99966434
0.99965777
0.99965124
0.99964476
0.99963831
0.99963191
0.99962553
0.99961918
0.99961286
0.99960656
0.99960027
0.99959401
0.99958776
0.99958153
0.99957531
0.9995691
0.9995629
0.99955671
0.99955052
0.99954435
0.99953818
0.99953202
0.99952586
0.99951971
0.99951356
0.99950742
0.99950128
0.99949514
0.99948901
0.99948289
0.99947677
0.99947065
0.99946453
0.99945842
0.99945232
0.99944622
0.99944012
0.99943403
0.99942794
0.99942186
0.99941578
0.9994097
0.99940363
0.99939756
0.9993915
0.99938544
0.99937938
0.99937333
0.99936728
0.99936124
0.9993552
0.99934916
0.99934313
0.9993371
0.99933108
0.99932506
0.99931904
0.99931303
0.99930702
0.99930102
0.99929502
0.99928902
0.99928303
0.99927704
0.99927106
0.99926508
0.9992591
0.99925313
0.99924716
0.9992412
0.99923524
0.99922928
0.99922333
0.99921738
0.99921143
0.99920549
0.99919955
0.99919362
0.99918769
0.99918176
0.99917584
0.99916992
0.99916401
0.9991581
0.99915219
0.99914629
0.99914039
0.99913449
0.9991286
0.99912271
0.99911682
0.99911094
0.99910506
0.99909919
0.99909332
0.99908745
0.99908159
0.99907573
0.99906987
0.99906402
0.99905817
0.99905233
0.99904649
0.99904065
0.99903481
0.99902898
0.99902315
0.99901733
0.99901151
0.99900569
0.99899988
0.99899407
0.99898827
0.99898246
0.99897666
0.99897087
0.99896508
0.99895929
0.9989535
0.99894772
0.99894194
0.99893617
0.99893039
0.99892463
0.99891886
0.9989131
0.99890734
0.99890159
0.99889584
0.99889009
0.99888435
0.9988786
0.99887287
0.99886713
0.9988614
0.99885567
0.99884995
0.99884423
0.99883851
0.9988328
0.99882709
0.99882138
0.99881568
0.99880998
0.99880428
0.99999998
0.99999996
0.99999994
0.99999993
0.99999991
0.99999989
0.99999986
0.99999984
0.99999981
0.99999977
0.99999973
0.99999969
0.99999964
0.99999958
0.99999952
0.99999945
0.99999938
0.9999993
0.99999921
0.99999912
0.99999901
0.9999989
0.99999879
0.99999866
0.99999853
0.99999839
0.99999825
0.99999809
0.99999793
0.99999776
0.99999759
0.99999741
0.99999722
0.99999702
0.99999682
0.99999661
0.9999964
0.99999617
0.99999594
0.9999957
0.99999544
0.99999516
0.99999488
0.99999459
0.99999428
0.99999398
0.99999366
0.99999334
0.99999301
0.99999268
0.99999234
0.999992
0.99999165
0.9999913
0.99999094
0.99999058
0.99999022
0.99998984
0.99998947
0.99998909
0.9999887
0.99998831
0.99998791
0.99998751
0.99998711
0.99998669
0.99998628
0.99998585
0.99998542
0.99998499
0.99998455
0.99998411
0.99998365
0.9999832
0.99998274
0.99998227
0.99998179
0.99998132
0.99998083
0.99998034
0.99997984
0.99997934
0.99997883
0.99997832
0.9999778
0.99997728
0.99997675
0.99997621
0.99997567
0.99997513
0.99997457
0.99997402
0.99997345
0.99997289
0.99997231
0.99997173
0.99997115
0.99997056
0.99996996
0.99996936
0.99996876
0.99996814
0.99996753
0.9999669
0.99996628
0.99996564
0.99996501
0.99996436
0.99996371
0.99996306
0.9999624
0.99996174
0.99996107
0.99996039
0.99995971
0.99995903
0.99995834
0.99995765
0.99995695
0.99995624
0.99995553
0.99995481
0.99995409
0.99995337
0.99995264
0.9999519
0.99995116
0.99995042
0.99994967
0.99994891
0.99994815
0.99994739
0.99994662
0.99994584
0.99994506
0.99994428
0.99994349
0.9999427
0.9999419
0.99994109
0.99994029
0.99993947
0.99993866
0.99993783
0.99993701
0.99993617
0.99993534
0.9999345
0.99993365
0.9999328
0.99993194
0.99993108
0.99993022
0.99992935
0.99992847
0.9999276
0.99992671
0.99992583
0.99992493
0.99992404
0.99992314
0.99992223
0.99992132
0.99992041
0.99991949
0.99991856
0.99991763
0.9999167
0.99991577
0.99991482
0.99991388
0.99991293
0.99991197
0.99991101
0.99991005
0.99990908
0.99990811
0.99990714
0.99990616
0.99990517
0.99990418
0.99990319
0.99990219
0.99990119
0.99990018
0.99989917
0.99989816
0.99989714
0.99989612
0.99989509
0.99989406
0.99989302
0.99989198
0.99989094
0.99988989
0.99988884
0.99988779
0.99988673
0.99988566
0.9998846
1
1
1
1
1
1
1
1
1
1
1
1
1
1
1
1
1
1
0.99999999
0.99999999
0.99999999
0.99999999
0.99999999
0.99999999
0.99999998
0.99999998
0.99999998
0.99999998
0.99999997
0.99999997
0.99999997
0.99999996
0.99999996
0.99999996
0.99999995
0.99999995
0.99999994
0.99999994
0.99999993
0.99999992
0.99999992
0.99999991
0.9999999
0.99999989
0.99999988
0.99999987
0.99999986
0.99999985
0.99999984
0.99999983
0.99999982
0.99999981
0.9999998
0.99999978
0.99999977
0.99999976
0.99999974
0.99999973
0.99999971
0.9999997
0.99999968
0.99999967
0.99999965
0.99999963
0.99999961
0.99999959
0.99999957
0.99999955
0.99999953
0.99999951
0.99999949
0.99999947
0.99999945
0.99999942
0.9999994
0.99999937
0.99999935
0.99999932
0.9999993
0.99999927
0.99999924
0.99999921
0.99999918
0.99999915
0.99999912
0.99999909
0.99999906
0.99999903
0.99999899
0.99999896
0.99999893
0.99999889
0.99999885
0.99999882
0.99999878
0.99999874
0.9999987
0.99999866
0.99999862
0.99999858
0.99999854
0.99999849
0.99999845
0.99999841
0.99999836
0.99999831
0.99999827
0.99999822
0.99999817
0.99999812
0.99999807
0.99999802
0.99999797
0.99999791
0.99999786
0.9999978
0.99999775
0.99999769
0.99999763
0.99999758
0.99999752
0.99999746
0.9999974
0.99999733
0.99999727
0.99999721
0.99999714
0.99999708
0.99999701
0.99999694
0.99999688
0.99999681
0.99999674
0.99999666
0.99999659
0.99999652
0.99999645
0.99999637
0.99999629
0.99999622
0.99999614
0.99999606
0.99999598
0.9999959
0.99999582
0.99999573
0.99999565
0.99999557
0.99999548
0.99999539
0.9999953
0.99999522
0.99999513
0.99999503
0.99999494
0.99999485
0.99999475
0.99999466
0.99999456
0.99999446
0.99999437
0.99999427
0.99999417
0.99999406
0.99999396
0.99999386
0.99999375
0.99999365
0.99999354
0.99999343
0.99999332
0.99999321
0.9999931
0.99999299
0.99999287
0.99999276
0.99999264
0.99999252
0.99999241
0.99999229
0.99999217
0.99999204
0.99999192
0.9999918
0.99999167
0.99999154
0.99999142
0.99999129
0.99999116
0.99999103
0.9999909
0.99999076
0.99999063
0.99999049
0.99999035
0.99999022
0.99999008
0.99998994
0.9999898
0.99998965
1
1
1
1
1
1
1
1
1
1
1
1
1
1
1
1
1
1
1
1
1
1
1
1
1
1
1
1
1
1
1
1
1
1
1
1
1
1
1
1
1
1
1
1
1
1
1
1
1
1
0.99999999
0.99999999
0.99999999
0.99999999
0.99999999
0.99999999
0.99999999
0.99999999
0.99999999
0.99999999
0.99999999
0.99999999
0.99999999
0.99999999
0.99999999
0.99999999
0.99999998
0.99999998
0.99999998
0.99999998
0.99999998
0.99999998
0.99999998
0.99999998
0.99999997
0.99999997
0.99999997
0.99999997
0.99999997
0.99999997
0.99999997
0.99999996
0.99999996
0.99999996
0.99999996
0.99999996
0.99999995
0.99999995
0.99999995
0.99999995
0.99999995
0.99999994
0.99999994
0.99999994
0.99999994
0.99999993
0.99999993
0.99999993
0.99999992
0.99999992
0.99999992
0.99999991
0.99999991
0.99999991
0.9999999
0.9999999
0.9999999
0.99999989
0.99999989
0.99999988
0.99999988
0.99999988
0.99999987
0.99999987
0.99999986
0.99999986
0.99999985
0.99999985
0.99999984
0.99999984
0.99999983
0.99999983
0.99999982
0.99999982
0.99999981
0.99999981
0.9999998
0.99999979
0.99999979
0.99999978
0.99999977
0.99999977
0.99999976
0.99999975
0.99999975
0.99999974
0.99999973
0.99999972
0.99999972
0.99999971
0.9999997
0.99999969
0.99999968
0.99999968
0.99999967
0.99999966
0.99999965
0.99999964
0.99999963
0.99999962
0.99999961
0.9999996
0.99999959
0.99999958
0.99999957
0.99999956
0.99999955
0.99999954
0.99999953
0.99999952
0.99999951
0.99999949
0.99999948
0.99999947
0.99999946
0.99999944
0.99999943
0.99999942
0.99999941
0.99999939
0.99999938
0.99999937
0.99999935
0.99999934
0.99999932
0.99999931
0.99999929
0.99999928
0.99999926
0.99999925
0.99999923
0.99999922
0.9999992
0.99999919
0.99999917
0.99999915
0.99999913
0.99999912
0.9999991
0.99999908
0.99999906
0.99999905
0.99999903
0.99999901
0.99999899
0.99999897
0.99999895
0.99999893
0.99999891
0.99999889
1
1
1
1
1
1
1
1
1
1
1
1
1
1
1
1
1
1
1
1
1
1
1
1
1
1
1
1
1
1
1
1
1
1
1
1
1
1
1
1
1
1
1
1
1
1
1
1
1
1
1
1
1
1
1
1
1
1
1
1
1
1
1
1
1
1
1
1
1
1
1
1
1
1
1
1
1
1
1
1
1
1
1
1
1
1
0.99999999
0.99999999
0.99999999
0.99999999
0.99999999
0.99999999
0.99999999
0.99999999
0.99999999
0.99999999
0.99999999
0.99999999
0.99999999
0.99999999
0.99999999
0.99999999
0.99999999
0.99999999
0.99999999
0.99999999
0.99999999
0.99999999
0.99999998
0.99999998
0.99999998
0.99999998
0.99999998
0.99999998
0.99999998
0.99999998
0.99999998
0.99999998
0.99999998
0.99999998
0.99999997
0.99999997
0.99999997
0.99999997
0.99999997
0.99999997
0.99999997
0.99999997
0.99999997
0.99999996
0.99999996
0.99999996
0.99999996
0.99999996
0.99999996
0.99999996
0.99999995
0.99999995
0.99999995
0.99999995
0.99999995
0.99999995
0.99999994
0.99999994
0.99999994
0.99999994
0.99999994
0.99999993
0.99999993
0.99999993
0.99999993
0.99999993
0.99999992
0.99999992
0.99999992
0.99999992
0.99999991
0.99999991
0.99999991
0.99999991
0.9999999
0.9999999
0.9999999
0.99999989
0.99999989
0.99999989
0.99999988
0.99999988
0.99999988
0.99999987
0.99999987
0.99999987
0.99999986
0.99999986
0.99999986
0.99999985
0.99999985
0.99999984
0.99999984
0.99999984
0.99999983
0.99999983
0.99999982
0.99999982
0.99999981
0.99999981
0.99999981
0.9999998
0.9999998
0.99999979
0.99999979
0.99999978
0.99999978
0.99999977
0.99999976
0.99999976
0.99999975
0.99999975
0.99999974
0.99999974
)
;

boundaryField
{
    inlet_0
    {
        type            fixedValue;
        value           uniform 0;
    }
    inlet_1
    {
        type            fixedValue;
        value           uniform 0.14285714;
    }
    inlet_2
    {
        type            fixedValue;
        value           uniform 0.28571429;
    }
    inlet_3
    {
        type            fixedValue;
        value           uniform 0.42857143;
    }
    inlet_4
    {
        type            fixedValue;
        value           uniform 0.57142857;
    }
    inlet_5
    {
        type            fixedValue;
        value           uniform 0.71428571;
    }
    inlet_6
    {
        type            fixedValue;
        value           uniform 0.85714286;
    }
    inlet_7
    {
        type            fixedValue;
        value           uniform 1;
    }
    outlet
    {
        type            zeroGradient;
    }
    walls
    {
        type            zeroGradient;
    }
    floor
    {
        type            zeroGradient;
    }
    frontAndBack
    {
        type            empty;
    }
}


// ************************************************************************* //
