/*--------------------------------*- C++ -*----------------------------------*\
| =========                 |                                                 |
| \\      /  F ield         | OpenFOAM: The Open Source CFD Toolbox           |
|  \\    /   O peration     | Version:  2406                                  |
|   \\  /    A nd           | Website:  www.openfoam.com                      |
|    \\/     M anipulation  |                                                 |
\*---------------------------------------------------------------------------*/
FoamFile
{
    version     2.0;
    format      ascii;
    arch        "LSB;label=32;scalar=64";
    class       volScalarField;
    location    "284";
    object      p;
}
// * * * * * * * * * * * * * * * * * * * * * * * * * * * * * * * * * * * * * //

dimensions      [0 2 -2 0 0 0 0];

internalField   nonuniform List<scalar> 
6000
(
0.0020025015
0.0021174456
0.0023113865
0.0025323348
0.0027371772
0.0029056252
0.0030322934
0.0031205094
0.0031770131
0.0032090666
0.0032229902
0.0032238477
0.0032154991
0.0032007925
0.0031817864
0.0031599473
0.0031363084
0.0031115898
0.0030862889
0.0030607442
0.003035183
0.0030097539
0.0029845505
0.0029596282
0.0029350163
0.0029107264
0.0028867586
0.0028631053
0.0028397546
0.0028166922
0.0027939026
0.0027713702
0.0027490798
0.0027270172
0.002705169
0.0026835231
0.0026620684
0.002640795
0.0026196941
0.0025987577
0.0025779786
0.0025573507
0.0025368683
0.0025165264
0.0024963204
0.0024762463
0.0024563004
0.0024364792
0.0024167798
0.0023971991
0.0023777345
0.0023583835
0.0023391435
0.0023200123
0.0023009877
0.0022820674
0.0022632495
0.0022445318
0.0022259123
0.002207389
0.00218896
0.0021706234
0.0021523773
0.0021342198
0.002116149
0.0020981631
0.0020802603
0.0020624388
0.0020446968
0.0020270325
0.0020094442
0.0019919302
0.0019744888
0.0019571183
0.001939817
0.0019225834
0.0019054158
0.0018883127
0.0018712724
0.0018542935
0.0018373745
0.0018205139
0.0018037101
0.0017869619
0.0017702679
0.0017536265
0.0017370366
0.0017204967
0.0017040056
0.0016875621
0.0016711648
0.0016548127
0.0016385044
0.0016222389
0.0016060151
0.0015898317
0.0015736878
0.0015575822
0.001541514
0.0015254822
0.0015094857
0.0014935236
0.001477595
0.0014616989
0.0014458345
0.001430001
0.0014141973
0.0013984228
0.0013826767
0.0013669581
0.0013512662
0.0013356004
0.00131996
0.0013043441
0.0012887522
0.0012731835
0.0012576374
0.0012421133
0.0012266105
0.0012111285
0.0011956667
0.0011802245
0.0011648013
0.0011493966
0.0011340099
0.0011186407
0.0011032885
0.0010879527
0.001072633
0.0010573289
0.0010420398
0.0010267655
0.0010115055
0.00099625926
0.00098102654
0.0009658069
0.00095059998
0.00093540539
0.0009202228
0.00090505185
0.00088989221
0.00087474356
0.00085960558
0.00084447796
0.0008293604
0.00081425262
0.00079915433
0.00078406525
0.00076898513
0.00075391369
0.0007388507
0.00072379591
0.00070874907
0.00069370996
0.00067867836
0.00066365405
0.00064863681
0.00063362644
0.00061862274
0.00060362552
0.00058863459
0.00057364977
0.00055867088
0.00054369774
0.00052873019
0.00051376807
0.00049881122
0.00048385948
0.00046891271
0.00045397076
0.0004390335
0.00042410078
0.00040917247
0.00039424845
0.00037932858
0.00036441276
0.00034950085
0.00033459276
0.00031968836
0.00030478755
0.00028989022
0.00027499628
0.00026010563
0.00024521817
0.00023033381
0.00021545246
0.00020057405
0.00018569847
0.00017082567
0.00015595556
0.00014108808
0.00012622316
0.00011136074
9.6500775e-05
8.1643235e-05
6.6788129e-05
5.1935588e-05
3.7085709e-05
2.2237695e-05
7.3972033e-06
0.0019173356
0.0020716173
0.0022797368
0.0025036494
0.0027112794
0.0028820608
0.0030103226
0.0031001994
0.0031587825
0.0031931648
0.0032094793
0.0032126424
0.0032064104
0.0031935754
0.0031761786
0.0031556949
0.0031331791
0.0031093798
0.0030848234
0.0030598766
0.0030347913
0.0030097379
0.0029848286
0.002960134
0.0029356961
0.002911537
0.0028876653
0.0028640805
0.0028407764
0.0028177431
0.002794969
0.0027724414
0.0027501476
0.0027280752
0.0027062125
0.0026845486
0.0026630735
0.0026417778
0.0026206535
0.0025996929
0.0025788894
0.002558237
0.0025377303
0.0025173643
0.0024971347
0.0024770375
0.002457069
0.0024372259
0.002417505
0.0023979036
0.0023784188
0.0023590482
0.0023397892
0.0023206396
0.0023015971
0.0022826596
0.0022638248
0.0022450908
0.0022264555
0.0022079169
0.002189473
0.0021711219
0.0021528617
0.0021346905
0.0021166065
0.0020986077
0.0020806923
0.0020628586
0.0020451047
0.0020274289
0.0020098294
0.0019923045
0.0019748525
0.0019574717
0.0019401604
0.0019229171
0.00190574
0.0018886277
0.0018715784
0.0018545908
0.0018376633
0.0018207945
0.0018039827
0.0017872267
0.0017705251
0.0017538764
0.0017372793
0.0017207324
0.0017042346
0.0016877845
0.0016713809
0.0016550225
0.0016387082
0.0016224369
0.0016062073
0.0015900184
0.0015738691
0.0015577583
0.001541685
0.0015256482
0.0015096469
0.0014936802
0.001477747
0.0014618465
0.0014459779
0.0014301401
0.0014143325
0.0013985541
0.0013828041
0.0013670818
0.0013513864
0.0013357171
0.0013200732
0.001304454
0.0012888589
0.0012732871
0.001257738
0.001242211
0.0012267054
0.0012112206
0.0011957561
0.0011803113
0.0011648856
0.0011494784
0.0011340894
0.0011187178
0.0011033633
0.0010880254
0.0010727036
0.0010573974
0.0010421063
0.0010268301
0.0010115681
0.0009963201
0.0009810856
0.00096586424
0.00095065563
0.00093545942
0.00092027525
0.00090510277
0.00088994164
0.00087479155
0.00085965216
0.00084452318
0.0008294043
0.00081429523
0.0007991957
0.00078410541
0.00076902411
0.00075395154
0.00073888744
0.00072383157
0.00070878369
0.00069374357
0.00067871099
0.00066368572
0.00064866756
0.00063365629
0.00061865172
0.00060365365
0.0005886619
0.00057367628
0.00055869661
0.00054372272
0.00052875444
0.00051379162
0.00049883408
0.00048388167
0.00046893426
0.00045399168
0.0004390538
0.00042412049
0.00040919161
0.00039426703
0.00037934662
0.00036443027
0.00034951786
0.00033460927
0.00031970439
0.00030480312
0.00028990534
0.00027501096
0.00026011989
0.00024523201
0.00023034726
0.00021546553
0.00020058674
0.00018571081
0.00017083766
0.00015596722
0.00014109942
0.00012623419
0.00011137148
9.6511248e-05
8.1653445e-05
6.6798062e-05
5.1945148e-05
3.709457e-05
2.2245252e-05
7.3984145e-06
0.0014601357
0.0018947204
0.0022234709
0.0024766491
0.0026957402
0.0028701397
0.0029976036
0.0030862525
0.003144559
0.003179531
0.0031970105
0.003201657
0.0031970171
0.0031857388
0.0031697811
0.0031505799
0.0031291787
0.0031063302
0.0030825736
0.003058292
0.0030337549
0.0030091497
0.0029846037
0.0029602011
0.0029359957
0.0029120195
0.00288829
0.0028648138
0.0028415908
0.0028186163
0.0027958829
0.0027733814
0.0027511021
0.002729035
0.0027071703
0.0026854986
0.0026640113
0.0026427002
0.0026215579
0.0026005777
0.0025797533
0.0025590792
0.0025385504
0.0025181622
0.0024979103
0.0024777911
0.0024578009
0.0024379365
0.0024181948
0.002398573
0.0023790685
0.0023596786
0.002340401
0.0023212332
0.0023021731
0.0022832185
0.0022643673
0.0022456172
0.0022269664
0.0022084127
0.0021899543
0.0021715891
0.0021533152
0.0021351308
0.0021170339
0.0020990226
0.0020810952
0.0020632497
0.0020454844
0.0020277976
0.0020101874
0.0019926521
0.00197519
0.0019577993
0.0019404786
0.001923226
0.0019060399
0.0018889189
0.0018718612
0.0018548654
0.0018379299
0.0018210533
0.001804234
0.0017874707
0.001770762
0.0017541064
0.0017375026
0.0017209493
0.0017044451
0.0016879889
0.0016715793
0.0016552151
0.0016388952
0.0016226184
0.0016063836
0.0015901895
0.0015740352
0.0015579196
0.0015418416
0.0015258002
0.0015097945
0.0014938234
0.0014778861
0.0014619816
0.001446109
0.0014302674
0.001414456
0.001398674
0.0013829205
0.0013671948
0.0013514961
0.0013358236
0.0013201766
0.0013045544
0.0012889563
0.0012733817
0.0012578298
0.0012423001
0.0012267919
0.0012113046
0.0011958376
0.0011803904
0.0011649624
0.001149553
0.0011341617
0.0011187881
0.0011034315
0.0010880916
0.0010727678
0.0010574597
0.0010421669
0.0010268888
0.0010116252
0.00099637547
0.00098113935
0.00096591641
0.00095070628
0.00093550858
0.00092032297
0.00090514909
0.00088998661
0.00087483519
0.00085969453
0.00084456431
0.00082944422
0.00081433398
0.00079923331
0.00078414192
0.00076905956
0.00075398595
0.00073892084
0.00072386399
0.00070881516
0.00069377412
0.00067874064
0.00066371451
0.0006486955
0.00063368341
0.00061867805
0.00060367922
0.00058868672
0.00057370037
0.00055872
0.00054374542
0.00052877648
0.00051381301
0.00049885485
0.00048390184
0.00046895383
0.00045401068
0.00043907225
0.0004241384
0.000409209
0.00039428391
0.00037936301
0.00036444619
0.00034953331
0.00033462427
0.00031971896
0.00030481726
0.00028991907
0.0002750243
0.00026013283
0.00024524459
0.00023035947
0.00021547738
0.00020059825
0.00018572199
0.00017084851
0.00015597776
0.00014110965
0.00012624412
0.00011138111
9.6520565e-05
8.1662427e-05
6.6806636e-05
5.1953158e-05
3.7101688e-05
2.2251307e-05
7.3969719e-06
0.00055541201
0.0016552079
0.0021964126
0.002478395
0.0027009491
0.0028710732
0.002991179
0.0030742491
0.0031297503
0.0031639469
0.0031819196
0.0031877882
0.003184719
0.0031751118
0.0031607804
0.0031430838
0.0031230302
0.0031013624
0.0030786241
0.0030552101
0.0030314059
0.0030074149
0.0029833796
0.0029593985
0.0029355385
0.0029118434
0.0028883406
0.0028650456
0.0028419658
0.002819103
0.0027964551
0.0027740176
0.0027517848
0.0027297497
0.0027079054
0.0026862449
0.0026647613
0.002643448
0.002622299
0.0026013085
0.0025804711
0.0025597821
0.0025392369
0.0025188313
0.0024985616
0.0024784241
0.0024584155
0.0024385328
0.0024187731
0.0023991336
0.0023796116
0.0023602047
0.0023409106
0.0023217268
0.0023026512
0.0022836815
0.0022648157
0.0022460515
0.0022273871
0.0022088203
0.0021903491
0.0021719717
0.0021536859
0.00213549
0.002117382
0.00209936
0.0020814222
0.0020635668
0.0020457919
0.0020280956
0.0020104764
0.0019929323
0.0019754617
0.0019580629
0.0019407342
0.0019234739
0.0019062804
0.0018891521
0.0018720874
0.0018550849
0.0018381428
0.0018212598
0.0018044344
0.0017876651
0.0017709506
0.0017542893
0.0017376801
0.0017211215
0.0017046122
0.001688151
0.0016717366
0.0016553678
0.0016390434
0.0016227622
0.001606523
0.0015903248
0.0015741665
0.001558047
0.0015419652
0.0015259202
0.0015099109
0.0014939364
0.0014779957
0.0014620879
0.0014462122
0.0014303676
0.0014145532
0.0013987683
0.001383012
0.0013672836
0.0013515823
0.0013359072
0.0013202578
0.0013046332
0.0012890328
0.0012734559
0.0012579018
0.00124237
0.0012268597
0.0012113704
0.0011959015
0.0011804524
0.0011650225
0.0011496114
0.0011342184
0.0011188431
0.0011034849
0.0010881434
0.0010728181
0.0010575085
0.0010422142
0.0010269348
0.0010116698
0.00099641875
0.00098118136
0.00096595718
0.00095074585
0.00093554699
0.00092036025
0.00090518527
0.00089002172
0.00087486928
0.00085972761
0.00084459641
0.00082947538
0.00081436423
0.00079926267
0.00078417042
0.00076908721
0.00075401279
0.00073894689
0.00072388928
0.00070883971
0.00069379795
0.00067876377
0.00066373696
0.00064871729
0.00063370457
0.00061869858
0.00060369915
0.00058870606
0.00057371915
0.00055873823
0.00054376312
0.00052879366
0.00051382969
0.00049887103
0.00048391755
0.00046896909
0.00045402549
0.00043908663
0.00042415236
0.00040922255
0.00039429706
0.00037937578
0.00036445859
0.00034954535
0.00033463596
0.0003197303
0.00030482827
0.00028992976
0.00027503467
0.0002601429
0.00024525436
0.00023036895
0.00021548658
0.00020060717
0.00018573064
0.00017085689
0.00015598587
0.00014111749
0.00012625168
0.00011138836
9.6527473e-05
8.1668924e-05
6.6812602e-05
5.1958395e-05
3.7105817e-05
2.2254677e-05
7.3947147e-06
0.0024402337
0.0024560707
0.0025312013
0.0026429935
0.0027741115
0.0028927624
0.0029868729
0.0030575541
0.0031077899
0.0031406485
0.0031594138
0.0031671407
0.0031663797
0.003159183
0.0031471749
0.0031316179
0.0031134794
0.0030934928
0.0030722102
0.0030500443
0.003027302
0.0030042073
0.0029809231
0.002957568
0.0029342267
0.0029109589
0.0028878057
0.0028647948
0.002841944
0.002819264
0.0027967604
0.0027744353
0.0027522885
0.0027303177
0.0027085201
0.0026868918
0.0026654287
0.0026441267
0.0026229815
0.002601989
0.0025811452
0.0025604462
0.0025398884
0.0025194684
0.0024991828
0.0024790287
0.0024590029
0.0024391027
0.0024193254
0.0023996684
0.0023801293
0.0023607056
0.002341395
0.0023221953
0.0023031041
0.0022841195
0.0022652391
0.002246461
0.0022277831
0.0022092033
0.0021907196
0.00217233
0.0021540327
0.0021358256
0.0021177068
0.0020996744
0.0020817266
0.0020638615
0.0020460772
0.002028372
0.002010744
0.0019931916
0.0019757129
0.0019583063
0.00194097
0.0019237024
0.0019065019
0.0018893668
0.0018722955
0.0018552866
0.0018383383
0.0018214494
0.0018046182
0.0017878433
0.0017711233
0.0017544569
0.0017378426
0.001721279
0.001704765
0.0016882992
0.0016718803
0.0016555072
0.0016391785
0.0016228932
0.0016066502
0.0015904482
0.0015742861
0.001558163
0.0015420778
0.0015260294
0.0015100168
0.0014940391
0.0014780954
0.0014621846
0.001446306
0.0014304586
0.0014146415
0.001398854
0.0013830951
0.0013673642
0.0013516605
0.0013359831
0.0013203314
0.0013047046
0.0012891021
0.0012735231
0.0012579671
0.0012424333
0.0012269212
0.00121143
0.0011959594
0.0011805085
0.001165077
0.0011496642
0.0011342697
0.0011188928
0.0011035332
0.0010881903
0.0010728636
0.0010575526
0.001042257
0.0010269763
0.0010117101
0.00099645788
0.00098121933
0.00096599403
0.00095078161
0.00093558169
0.00092039392
0.00090521795
0.00089005344
0.00087490006
0.00085975748
0.0008446254
0.00082950352
0.00081439154
0.00079928917
0.00078419614
0.00076911218
0.00075403702
0.00073897041
0.0007239121
0.00070886186
0.00069381945
0.00067878464
0.00066375721
0.00064873695
0.00063372365
0.0006187171
0.00060371712
0.00058872351
0.00057373608
0.00055875467
0.00054377908
0.00052880915
0.00051384472
0.00049888563
0.00048393172
0.00046898284
0.00045403884
0.00043909959
0.00042416494
0.00040923476
0.00039430892
0.00037938729
0.00036446975
0.00034955619
0.00033464648
0.00031974051
0.00030483818
0.00028993938
0.000275044
0.00026015195
0.00024526314
0.00023037746
0.00021549483
0.00020061515
0.00018573836
0.00017086435
0.00015599306
0.0001411244
0.00012625828
0.00011139464
9.6533369e-05
8.1674363e-05
6.6817469e-05
5.1962547e-05
3.7108973e-05
2.2257486e-05
7.3936998e-06
0.0025411205
0.0024600258
0.0025299786
0.0026593389
0.0027794598
0.0028810783
0.0029645499
0.0030297035
0.0030776294
0.0031105217
0.0031308721
0.0031410369
0.003143089
0.0031387844
0.0031295687
0.0031166045
0.003100811
0.0030829064
0.0030634486
0.0030428661
0.0030214835
0.0029995467
0.0029772431
0.0029547136
0.0029320635
0.0029093708
0.0028866932
0.002864073
0.0028415409
0.0028191188
0.002796822
0.002774661
0.0027526425
0.0027307708
0.0027090479
0.0026874744
0.00266605
0.0026447736
0.0026236434
0.0026026576
0.0025818139
0.0025611098
0.0025405431
0.0025201111
0.0024998114
0.0024796415
0.002459599
0.0024396815
0.0024198865
0.0024002118
0.002380655
0.0023612139
0.0023418863
0.0023226699
0.0023035626
0.0022845623
0.0022656668
0.0022468741
0.0022281821
0.0022095887
0.002191092
0.0021726899
0.0021543805
0.0021361618
0.0021180319
0.0020999888
0.0020820307
0.0020641556
0.0020463618
0.0020286475
0.0020110107
0.0019934497
0.0019759628
0.0019585483
0.0019412043
0.0019239294
0.0019067217
0.0018895797
0.0018725018
0.0018554865
0.001838532
0.0018216371
0.0018048001
0.0017880196
0.0017712942
0.0017546225
0.0017380031
0.0017214347
0.0017049159
0.0016884455
0.0016720222
0.0016556447
0.0016393119
0.0016230226
0.0016067756
0.0015905698
0.0015744041
0.0015582774
0.0015421887
0.001526137
0.0015101212
0.0014941403
0.0014781936
0.0014622799
0.0014463983
0.0014305481
0.0014147284
0.0013989383
0.0013831769
0.0013674436
0.0013517374
0.0013360578
0.0013204038
0.0013047749
0.0012891703
0.0012735893
0.0012580312
0.0012424955
0.0012269815
0.0012114886
0.0011960162
0.0011805637
0.0011651305
0.0011497161
0.00113432
0.0011189417
0.0011035806
0.0010882363
0.0010729082
0.001057596
0.0010422991
0.0010270171
0.0010117497
0.00099649628
0.00098125659
0.00096603019
0.0009508167
0.00093561574
0.00092042697
0.00090525002
0.00089008456
0.00087493025
0.00085978678
0.00084465384
0.00082953112
0.00081441832
0.00079931516
0.00078422136
0.00076913665
0.00075406077
0.00073899346
0.00072393448
0.00070888358
0.00069384052
0.00067880509
0.00066377706
0.00064875622
0.00063374235
0.00061873525
0.00060373474
0.00058874061
0.00057375268
0.00055877077
0.00054379471
0.00052882433
0.00051385945
0.00049889993
0.00048394559
0.00046899631
0.00045405192
0.00043911228
0.00042417726
0.00040924671
0.00039432052
0.00037939855
0.00036448068
0.0003495668
0.00033465677
0.0003197505
0.00030484787
0.00028994878
0.00027505312
0.00026016079
0.0002452717
0.00023038575
0.00021550285
0.00020062291
0.00018574584
0.00017087156
0.00015599998
0.00014113102
0.00012626459
0.00011140058
9.6538911e-05
8.1679441e-05
6.6822004e-05
5.1966468e-05
3.7112145e-05
2.2260542e-05
7.3950145e-06
0.0025611899
0.002559215
0.0026211712
0.0027120157
0.0027992051
0.0028782296
0.0029476795
0.0030048029
0.0030487727
0.0030805309
0.0031016041
0.0031136023
0.0031180812
0.0031164581
0.0031099598
0.0030996122
0.0030862563
0.0030705721
0.0030531009
0.0030342695
0.0030144139
0.0029937984
0.0029726289
0.0029510659
0.0029292335
0.0029072281
0.0028851244
0.0028629803
0.0028408401
0.0028187383
0.002796701
0.0027747482
0.002752895
0.0027311526
0.0027095292
0.0026880306
0.002666661
0.0026454228
0.0026243177
0.0026033462
0.0025825084
0.0025618035
0.0025412307
0.0025207887
0.002500476
0.002480291
0.0024602318
0.0024402965
0.0024204832
0.0024007898
0.0023812143
0.0023617547
0.0023424088
0.0023231746
0.0023040499
0.0022850327
0.0022661209
0.0022473124
0.0022286053
0.0022099973
0.0021914865
0.002173071
0.0021547486
0.0021365175
0.0021183756
0.002100321
0.0020823518
0.0020644662
0.0020466622
0.002028938
0.0020112917
0.0019937217
0.001976226
0.001958803
0.001941451
0.0019241682
0.001906953
0.0018898037
0.0018727188
0.0018556966
0.0018387356
0.0018218343
0.0018049912
0.0017882048
0.0017714737
0.0017547965
0.0017381717
0.0017215981
0.0017050743
0.0016885991
0.001672171
0.001655789
0.0016394518
0.0016231583
0.0016069071
0.0015906973
0.0015745278
0.0015583974
0.001542305
0.0015262498
0.0015102306
0.0014942464
0.0014782965
0.0014623797
0.0014464951
0.001430642
0.0014148195
0.0013990266
0.0013832626
0.0013675267
0.0013518181
0.001336136
0.0013204797
0.0013048485
0.0012892417
0.0012736585
0.0012580984
0.0012425607
0.0012270448
0.00121155
0.0011960757
0.0011806214
0.0011651865
0.0011497705
0.0011343728
0.0011189929
0.0011036303
0.0010882844
0.0010729549
0.0010576413
0.0010423431
0.0010270598
0.0010117911
0.00099653649
0.0009812956
0.00096606804
0.00095085343
0.00093565138
0.00092046155
0.00090528358
0.00089011712
0.00087496185
0.00085981745
0.0008446836
0.00082956
0.00081444634
0.00079934236
0.00078424775
0.00076916227
0.00075408563
0.00073901759
0.00072395789
0.0007089063
0.00069386257
0.00067882649
0.00066379783
0.00064877637
0.00063376191
0.00061875424
0.00060375316
0.00058875849
0.00057377004
0.00055878762
0.00054381106
0.00052884019
0.00051387485
0.00049891487
0.0004839601
0.00046901039
0.00045406558
0.00043912554
0.00042419013
0.00040925921
0.00039433265
0.00037941032
0.0003644921
0.00034957788
0.00033466752
0.00031976093
0.00030485798
0.00028995858
0.00027506262
0.00026017
0.00024528061
0.00023039438
0.00021551119
0.00020063096
0.0001857536
0.00017087902
0.00015600714
0.00014113785
0.00012627107
0.0001114067
9.6544615e-05
8.1684698e-05
6.6826775e-05
5.1970736e-05
3.7115927e-05
2.2264176e-05
7.399345e-06
0.0026171102
0.0026290906
0.0026721661
0.0027379458
0.0028081251
0.0028745593
0.0029341546
0.0029844885
0.0030244716
0.0030544285
0.0030753096
0.0030882326
0.0030943536
0.0030947869
0.0030905391
0.0030824803
0.0030713464
0.0030577529
0.0030422029
0.0030251065
0.0030067961
0.00298754
0.0029675543
0.0029470123
0.0029260535
0.0029047897
0.002883311
0.0028616895
0.0028399833
0.0028182387
0.0027964931
0.0027747762
0.0027531117
0.0027315183
0.0027100107
0.0026886005
0.0026672964
0.0026461052
0.0026250318
0.0026040797
0.0025832514
0.0025625484
0.0025419712
0.0025215202
0.0025011948
0.0024809944
0.0024609179
0.002440964
0.0024211313
0.002401418
0.0023818225
0.0023623429
0.0023429773
0.0023237237
0.0023045801
0.0022855446
0.002266615
0.0022477893
0.0022290656
0.0022104417
0.0021919156
0.0021734852
0.0021551487
0.0021369039
0.0021187489
0.0021006818
0.0020827006
0.0020648033
0.0020469882
0.0020292533
0.0020115967
0.0019940168
0.0019765116
0.0019590794
0.0019417185
0.0019244272
0.0019072037
0.0018900465
0.0018729539
0.0018559244
0.0018389563
0.0018220481
0.0018051983
0.0017884055
0.0017716682
0.0017549849
0.0017383544
0.0017217752
0.0017052459
0.0016887654
0.0016723323
0.0016559454
0.0016396034
0.0016233052
0.0016070496
0.0015908355
0.0015746617
0.0015585273
0.001542431
0.0015263719
0.001510349
0.0014943613
0.0014784079
0.0014624877
0.0014466
0.0014307437
0.0014149181
0.0013991222
0.0013833554
0.0013676167
0.0013519053
0.0013362206
0.0013205618
0.0013049282
0.001289319
0.0012737335
0.0012581712
0.0012426313
0.0012271132
0.0012116164
0.0011961402
0.0011806839
0.0011652472
0.0011498294
0.0011344299
0.0011190483
0.001103684
0.0010883366
0.0010730055
0.0010576904
0.0010423907
0.001027106
0.0010118359
0.00099658
0.00098133783
0.00096610902
0.00095089319
0.00093568996
0.00092049899
0.0009053199
0.00089015237
0.00087499606
0.00085985064
0.00084471581
0.00082959125
0.00081447667
0.00079937179
0.00078427632
0.00076918998
0.00075411253
0.00073904369
0.00072398322
0.00070893088
0.00069388643
0.00067884964
0.0006638203
0.00064879818
0.00063378307
0.00061877477
0.00060377309
0.00058877783
0.00057378881
0.00055880584
0.00054382874
0.00052885735
0.00051389151
0.00049893104
0.00048397579
0.00046902561
0.00045408036
0.00043913988
0.00042420405
0.00040927271
0.00039434575
0.00037942304
0.00036450444
0.00034958984
0.00033467913
0.00031977219
0.0003048689
0.00028996917
0.00027507288
0.00026017993
0.00024529023
0.00023040368
0.00021552018
0.00020063963
0.00018576196
0.00017088705
0.00015601483
0.0001411452
0.00012627806
0.0001114133
9.6550817e-05
8.1690478e-05
6.683213e-05
5.1975674e-05
3.7120606e-05
2.226843e-05
7.4069363e-06
0.0026515941
0.0026638766
0.0027020008
0.002758892
0.0028193675
0.0028762748
0.0029275558
0.0029715284
0.0030071496
0.0030344951
0.0030542022
0.0030670595
0.0030739161
0.0030756251
0.0030729824
0.0030666999
0.0030573953
0.0030455964
0.0030317504
0.0030162329
0.0029993576
0.0029813857
0.0029625341
0.0029429825
0.00292288
0.00290235
0.0028814945
0.0028603981
0.0028391305
0.0028177493
0.0027963021
0.0027748277
0.0027533581
0.0027319194
0.0027105327
0.002689215
0.00266798
0.0026468385
0.0026257989
0.0026048678
0.0025840501
0.0025633493
0.002542768
0.0025223076
0.002501969
0.0024817525
0.0024616578
0.0024416842
0.0024218308
0.0024020964
0.0023824794
0.0023629784
0.0023435916
0.0023243172
0.0023051534
0.002286098
0.0022671493
0.0022483051
0.0022295634
0.0022109223
0.0021923795
0.0021739333
0.0021555814
0.0021373218
0.0021191527
0.002101072
0.0020830777
0.0020651678
0.0020473406
0.0020295941
0.0020119264
0.0019943357
0.0019768202
0.001959378
0.0019420076
0.001924707
0.0019074746
0.0018903089
0.001873208
0.0018561704
0.0018391946
0.001822279
0.001805422
0.0017886222
0.0017718782
0.0017551885
0.0017385516
0.0017219663
0.0017054312
0.001688945
0.0016725064
0.0016561141
0.001639767
0.0016234638
0.0016072034
0.0015909846
0.0015748063
0.0015586675
0.001542567
0.0015265038
0.0015104769
0.0014944854
0.0014785282
0.0014626044
0.0014467131
0.0014308534
0.0014150245
0.0013992255
0.0013834555
0.0013677138
0.0013519996
0.001336312
0.0013206505
0.0013050142
0.0012894024
0.0012738144
0.0012582497
0.0012427075
0.0012271871
0.0012116881
0.0011962097
0.0011807514
0.0011653127
0.0011498929
0.0011344915
0.0011191081
0.001103742
0.0010883929
0.0010730601
0.0010577434
0.0010424421
0.0010271559
0.0010118843
0.00099662697
0.0009813834
0.00096615323
0.00095093609
0.00093573159
0.00092053938
0.0009053591
0.00089019041
0.00087503297
0.00085988646
0.00084475056
0.00082962498
0.0008145094
0.00079940355
0.00078430713
0.00076921989
0.00075414155
0.00073907185
0.00072401055
0.0007089574
0.00069391217
0.00067887462
0.00066384453
0.0006488217
0.0006338059
0.00061879693
0.00060379459
0.0005887987
0.00057380905
0.00055882549
0.00054384781
0.00052887586
0.00051390947
0.00049894847
0.0004839927
0.00046904203
0.00045409629
0.00043915534
0.00042421905
0.00040928727
0.00039435988
0.00037943674
0.00036451774
0.00034960274
0.00033469164
0.00031978432
0.00030488066
0.00028998057
0.00027508392
0.00026019063
0.00024530059
0.00023041369
0.00021552985
0.00020064897
0.00018577095
0.00017089571
0.00015602313
0.00014115314
0.00012628562
0.00011142048
9.6557603e-05
8.1696868e-05
6.6838148e-05
5.1981321e-05
3.7126165e-05
2.227314e-05
7.4175375e-06
0.002662726
0.0026772118
0.0027185817
0.0027746361
0.0028300882
0.002880769
0.0029261338
0.0029648741
0.0029962912
0.0030206801
0.0030386197
0.0030507047
0.0030575754
0.0030598876
0.003058256
0.0030532359
0.0030453232
0.0030349556
0.0030225155
0.0030083346
0.002992699
0.0029758546
0.0029580121
0.0029393517
0.0029200271
0.0029001688
0.0028798879
0.0028592783
0.0028384196
0.0028173786
0.0027962116
0.0027749658
0.0027536803
0.002732388
0.0027111156
0.0026898854
0.0026687156
0.0026476207
0.0026266125
0.0026057003
0.0025848915
0.0025641915
0.0025436046
0.0025231337
0.0025027808
0.0024825471
0.0024624332
0.0024424389
0.0024225639
0.0024028073
0.0023831679
0.0023636446
0.0023442357
0.0023249396
0.0023057545
0.0022866785
0.0022677097
0.0022488461
0.0022300857
0.0022114264
0.0021928663
0.0021744033
0.0021560353
0.0021377603
0.0021195763
0.0021014812
0.0020834732
0.0020655502
0.0020477103
0.0020299516
0.0020122722
0.0019946702
0.0019771438
0.0019596912
0.0019423106
0.0019250004
0.0019077587
0.0018905838
0.0018734743
0.0018564283
0.0018394444
0.0018225209
0.0018056564
0.0017888493
0.0017720982
0.0017554017
0.0017387583
0.0017221666
0.0017056253
0.0016891331
0.0016726888
0.0016562909
0.0016399384
0.00162363
0.0016073645
0.0015911408
0.0015749578
0.0015588143
0.0015427094
0.0015266419
0.0015106108
0.0014946152
0.0014786541
0.0014627265
0.0014468315
0.0014309683
0.0014151359
0.0013993335
0.0013835603
0.0013678155
0.0013520982
0.0013364077
0.0013207433
0.0013051042
0.0012894897
0.0012738992
0.0012583319
0.0012427872
0.0012272645
0.0012117631
0.0011962825
0.001180822
0.0011653812
0.0011499593
0.001134556
0.0011191706
0.0011038027
0.0010884518
0.0010731173
0.0010577988
0.0010424959
0.0010272081
0.001011935
0.00099667611
0.00098143108
0.0009661995
0.00095098098
0.00093577516
0.00092058165
0.00090540012
0.00089023021
0.00087507159
0.00085992393
0.00084478692
0.00082966026
0.00081454364
0.00079943677
0.00078433937
0.00076925117
0.00075417191
0.00073910131
0.00072403914
0.00070898514
0.00069393909
0.00067890074
0.00066386989
0.0006488463
0.00063382977
0.00061882009
0.00060381707
0.00058882051
0.00057383023
0.00055884603
0.00054386775
0.00052889521
0.00051392824
0.00049896669
0.00048401039
0.00046905919
0.00045411294
0.0004391715
0.00042423473
0.00040930248
0.00039437464
0.00037945106
0.00036453163
0.00034961622
0.00033470471
0.000319797
0.00030489295
0.00028999248
0.00027509547
0.00026020181
0.0002453114
0.00023042415
0.00021553996
0.00020065873
0.00018578036
0.00017090476
0.00015603182
0.00014116147
0.00012629358
0.00011142806
9.6564811e-05
8.1703707e-05
6.6844654e-05
5.1987474e-05
3.7132345e-05
2.2278019e-05
7.4304218e-06
0.0026477356
0.0026691787
0.0027250431
0.0027879823
0.002841533
0.0028882868
0.0029295728
0.0029639168
0.0029912722
0.0030125267
0.0030283351
0.0030391729
0.0030455412
0.0030479391
0.0030468207
0.0030426006
0.0030356614
0.0030263534
0.0030149936
0.0030018669
0.0029872285
0.0029713051
0.0029542973
0.0029363815
0.0029177122
0.0028984239
0.0028786333
0.0028584413
0.0028379346
0.0028171874
0.002796263
0.0027752152
0.0027540893
0.0027329236
0.0027117499
0.0026905949
0.0026694804
0.0026484244
0.0026274416
0.0026065438
0.0025857404
0.0025650386
0.0025444442
0.0025239613
0.0025035931
0.0024833415
0.0024632077
0.0024431924
0.0024232956
0.0024035167
0.0023838549
0.0023643092
0.0023448783
0.0023255605
0.0023063542
0.0022872575
0.0022682687
0.0022493858
0.0022306067
0.0022119294
0.002193352
0.0021748722
0.0021564881
0.0021381977
0.0021199989
0.0021018896
0.0020838678
0.0020659316
0.002048079
0.0020303081
0.002012617
0.0019950037
0.0019774665
0.0019600034
0.0019426128
0.0019252928
0.0019080418
0.0018908579
0.0018737397
0.0018566853
0.0018396933
0.001822762
0.00180589
0.0017890756
0.0017723174
0.0017556141
0.0017389641
0.001722366
0.0017058186
0.0016893205
0.0016728703
0.0016564669
0.001640109
0.0016237954
0.0016075249
0.0015912963
0.0015751085
0.0015589605
0.0015428511
0.0015267793
0.0015107441
0.0014947444
0.0014787794
0.001462848
0.0014469494
0.0014310826
0.0014152468
0.0013994411
0.0013836646
0.0013679166
0.0013521963
0.0013365029
0.0013208356
0.0013051937
0.0012895766
0.0012739834
0.0012584136
0.0012428665
0.0012273414
0.0012118377
0.0011963549
0.0011808923
0.0011654493
0.0011500254
0.0011346201
0.0011192329
0.0011038631
0.0010885103
0.0010731741
0.001057854
0.0010425494
0.00102726
0.0010119853
0.00099672497
0.00098147849
0.0009662455
0.00095102562
0.00093581846
0.00092062367
0.00090544089
0.00089026977
0.00087510997
0.00085996118
0.00084482307
0.00082969533
0.00081457767
0.00079946979
0.00078437142
0.00076928227
0.00075420208
0.00073913059
0.00072406755
0.00070901271
0.00069396584
0.0006789267
0.00066389508
0.00064887074
0.00063385349
0.00061884311
0.00060383941
0.00058884219
0.00057385126
0.00055886644
0.00054388756
0.00052891443
0.00051394689
0.00049898479
0.00048402795
0.00046907623
0.00045412948
0.00043918754
0.00042425029
0.00040931759
0.00039438929
0.00037946528
0.00036454542
0.0003496296
0.00033471769
0.00031980958
0.00030490515
0.0002900043
0.00027510692
0.0002602129
0.00024532214
0.00023043454
0.00021555
0.00020066842
0.00018578971
0.00017091376
0.00015604048
0.00014116977
0.00012630153
0.00011143567
9.6572067e-05
8.1710626e-05
6.6851274e-05
5.1993748e-05
3.7138714e-05
2.2282734e-05
7.4444618e-06
0.0026000468
0.002627378
0.0027209551
0.0028044723
0.0028588338
0.0029021372
0.0029392706
0.0029687729
0.0029916735
0.0030094909
0.0030228556
0.003032105
0.0030376102
0.0030397175
0.0030387275
0.0030349257
0.0030285923
0.0030199975
0.003009398
0.0029970357
0.0029831356
0.002967905
0.002951533
0.0029341902
0.0029160294
0.0028971863
0.002877781
0.0028579185
0.0028376905
0.0028171765
0.0027964449
0.0027755544
0.0027545552
0.0027334896
0.0027123936
0.002691297
0.0026702248
0.0026491978
0.0026282329
0.0026073439
0.0025865419
0.0025658357
0.0025452321
0.0025247365
0.0025043527
0.0024840835
0.0024639306
0.0024438952
0.0024239776
0.0024041777
0.0023844949
0.0023649283
0.0023454766
0.0023261386
0.0023069125
0.0022877966
0.0022687892
0.0022498882
0.0022310917
0.0022123976
0.002193804
0.0021753087
0.0021569096
0.0021386048
0.0021203921
0.0021022695
0.002084235
0.0020662865
0.0020484221
0.0020306398
0.0020129377
0.0019953139
0.0019777666
0.0019602938
0.0019428938
0.0019255647
0.001908305
0.0018911127
0.0018739864
0.0018569242
0.0018399246
0.0018229861
0.001806107
0.0017892858
0.0017725211
0.0017558114
0.0017391552
0.0017225513
0.0017059981
0.0016894945
0.001673039
0.0016566304
0.0016402675
0.001623949
0.0016076737
0.0015914406
0.0015752484
0.0015590961
0.0015429826
0.0015269068
0.0015108677
0.0014948643
0.0014788957
0.0014629608
0.0014470588
0.0014311887
0.0014153497
0.0013995408
0.0013837614
0.0013680105
0.0013522873
0.0013365912
0.0013209212
0.0013052768
0.0012896571
0.0012740616
0.0012584894
0.00124294
0.0012274127
0.0012119069
0.001196422
0.0011809574
0.0011655125
0.0011500867
0.0011346796
0.0011192905
0.0011039191
0.0010885646
0.0010732268
0.0010579051
0.001042599
0.0010273081
0.001012032
0.00099677026
0.00098152243
0.00096628814
0.00095106699
0.0009358586
0.00092066262
0.00090547868
0.00089030643
0.00087514555
0.0008599957
0.00084485656
0.00082972783
0.00081460921
0.00079950039
0.00078440111
0.00076931108
0.00075423003
0.00073915771
0.00072409387
0.00070903825
0.00069399062
0.00067895075
0.00066391841
0.00064889338
0.00063387546
0.00061886443
0.0006038601
0.00058886226
0.00057387074
0.00055888534
0.0005439059
0.00052893222
0.00051396416
0.00049900154
0.00048404421
0.00046909201
0.00045414478
0.0004392024
0.00042426471
0.00040933157
0.00039440286
0.00037947844
0.00036455819
0.00034964198
0.0003347297
0.00031982122
0.00030491644
0.00029001524
0.00027511752
0.00026022317
0.00024533208
0.00023044416
0.0002155593
0.0002006774
0.00018579837
0.0001709221
0.00015604851
0.00014117749
0.00012630894
0.00011144276
9.6578855e-05
8.1717117e-05
6.6857506e-05
5.1999652e-05
3.714474e-05
2.2286956e-05
7.4582627e-06
0.0025532417
0.0025690862
0.0027038752
0.0028080177
0.0028694592
0.0029157497
0.0029508561
0.0029759495
0.0029948602
0.003009649
0.0030207659
0.0030284662
0.0030330399
0.003034699
0.003033613
0.0030299638
0.0030239502
0.0030157788
0.0030056579
0.002993794
0.0029803873
0.0029656282
0.002949695
0.0029327519
0.0029149491
0.0028964218
0.0028772913
0.0028576649
0.0028376373
0.0028172913
0.0027966988
0.0027759218
0.0027550136
0.0027340197
0.0027129786
0.0026919229
0.0026708797
0.0026498717
0.0026289176
0.0026080325
0.002587229
0.0025665168
0.0025459039
0.0025253961
0.0025049981
0.0024847132
0.0024645436
0.0024444907
0.0024245553
0.0024047373
0.0023850364
0.002365452
0.0023459828
0.0023266275
0.0023073846
0.0022882525
0.0022692292
0.0022503129
0.0022315017
0.0022127934
0.002194186
0.0021756775
0.0021572658
0.0021389488
0.0021207244
0.0021025905
0.0020845451
0.0020665863
0.0020487119
0.00203092
0.0020132086
0.0019955759
0.00197802
0.0019605389
0.001943131
0.0019257943
0.0019085271
0.0018913278
0.0018741946
0.0018571258
0.0018401198
0.0018231751
0.0018062901
0.0017894631
0.0017726929
0.0017559778
0.0017393165
0.0017227075
0.0017061495
0.0016896412
0.0016731812
0.0016567682
0.001640401
0.0016240784
0.0016077992
0.0015915623
0.0015753664
0.0015592105
0.0015430935
0.0015270143
0.0015109719
0.0014949654
0.0014789937
0.0014630558
0.0014471509
0.001431278
0.0014154363
0.0013996249
0.0013838429
0.0013680895
0.001352364
0.0013366655
0.0013209933
0.0013053467
0.001289725
0.0012741274
0.0012585533
0.001243002
0.0012274728
0.0012119652
0.0011964786
0.0011810122
0.0011655657
0.0011501383
0.0011347297
0.0011193391
0.0011039662
0.0010886104
0.0010732712
0.0010579481
0.0010426408
0.0010273486
0.0010120713
0.00099680839
0.00098155942
0.00096632402
0.0009511018
0.00093589238
0.00092069539
0.00090551048
0.00089033729
0.00087517549
0.00086002475
0.00084488475
0.00082975518
0.00081463574
0.00079952613
0.00078442609
0.00076933531
0.00075425355
0.00073918053
0.00072411601
0.00070905973
0.00069401146
0.00067897097
0.00066393803
0.00064891242
0.00063389393
0.00061888235
0.00060387749
0.00058887914
0.00057388711
0.00055890123
0.00054392131
0.00052894718
0.00051397867
0.00049901562
0.00048405787
0.00046910526
0.00045415764
0.00043921488
0.00042427681
0.00040934332
0.00039441425
0.00037948949
0.00036456891
0.00034965238
0.00033473978
0.000319831
0.00030492592
0.00029002443
0.00027512642
0.00026023179
0.00024534043
0.00023045223
0.0002155671
0.00020068494
0.00018580565
0.00017092912
0.00015605527
0.00014118399
0.00012631518
0.00011144875
9.6584602e-05
8.1722623e-05
6.6862802e-05
5.2004665e-05
3.7149874e-05
2.2290399e-05
7.4703431e-06
0.002302824
0.0026430497
0.0028422446
0.0028774723
0.0029050305
0.0029422201
0.0029688518
0.0029862035
0.0030001909
0.0030119214
0.0030209367
0.0030272277
0.0030309416
0.0030321338
0.0030308529
0.0030271989
0.0030213104
0.0030133477
0.0030034845
0.0029919019
0.0029787823
0.0029643033
0.0029486348
0.0029319359
0.0029143537
0.0028960226
0.0028770638
0.0028575856
0.0028376843
0.0028174444
0.0027969396
0.0027762342
0.0027553833
0.0027344342
0.0027134272
0.0026923965
0.0026713705
0.0026503732
0.0026294244
0.0026085403
0.002587734
0.0025670163
0.0025463955
0.0025258782
0.0025054693
0.0024851724
0.0024649903
0.0024449244
0.0024249757
0.0024051445
0.0023854304
0.0023658328
0.0023463508
0.0023269829
0.0023077278
0.0022885838
0.002269549
0.0022506216
0.0022317996
0.0022130809
0.0021944636
0.0021759455
0.0021575246
0.0021391987
0.0021209657
0.0021028237
0.0020847704
0.002066804
0.0020489223
0.0020311234
0.0020134053
0.0019957661
0.001978204
0.0019607169
0.0019433032
0.0019259609
0.0019086884
0.0018914839
0.0018743456
0.0018572721
0.0018402615
0.0018233122
0.0018064229
0.0017895918
0.0017728175
0.0017560985
0.0017394334
0.0017228208
0.0017062593
0.0016897476
0.0016732843
0.0016568681
0.0016404979
0.0016241723
0.0016078902
0.0015916505
0.0015754519
0.0015592934
0.0015431738
0.0015270922
0.0015110475
0.0014950386
0.0014790647
0.0014631247
0.0014472177
0.0014313428
0.0014154991
0.0013996858
0.0013839019
0.0013681468
0.0013524195
0.0013367194
0.0013210456
0.0013053974
0.0012897741
0.0012741751
0.0012585995
0.0012430468
0.0012275163
0.0012120074
0.0011965195
0.001181052
0.0011656042
0.0011501757
0.0011347659
0.0011193743
0.0011040003
0.0010886435
0.0010733033
0.0010579793
0.001042671
0.0010273779
0.0010120998
0.00099683598
0.00098158619
0.00096634999
0.000951127
0.00093591683
0.00092071911
0.00090553349
0.00089035961
0.00087519715
0.00086004576
0.00084490513
0.00082977496
0.00081465493
0.00079954475
0.00078444415
0.00076935284
0.00075427055
0.00073919703
0.00072413201
0.00070907526
0.00069402653
0.00067898559
0.00066395221
0.00064892618
0.00063390728
0.0006188953
0.00060389005
0.00058889133
0.00057389894
0.0005589127
0.00054393244
0.00052895798
0.00051398915
0.00049902579
0.00048406773
0.00046911483
0.00045416693
0.00043922388
0.00042428555
0.00040935179
0.00039442247
0.00037949746
0.00036457664
0.00034965988
0.00033474705
0.00031983805
0.00030493275
0.00029003105
0.00027513284
0.000260238
0.00024534644
0.00023045805
0.00021557273
0.00020069038
0.0001858109
0.00017093419
0.00015606015
0.00014118868
0.0001263197
0.00011145309
9.6588772e-05
8.1726625e-05
6.6866658e-05
5.2008313e-05
3.7153623e-05
2.2292838e-05
7.4793396e-06
1.6515786e-05
0.0018584068
0.0026453279
0.0028049531
0.0028792714
0.0029407287
0.0029731325
0.0029897384
0.0030024946
0.0030132001
0.0030213173
0.0030269268
0.003030195
0.0030311243
0.0030297119
0.0030260223
0.0030201663
0.0030122814
0.003002524
0.0029910628
0.0029780704
0.002963718
0.0029481707
0.0029315848
0.0029141056
0.0028958666
0.0028769888
0.0028575808
0.0028377394
0.0028175498
0.0027970868
0.0027764154
0.0027555916
0.0027346636
0.0027136726
0.0026926533
0.002671635
0.0026506422
0.0026296953
0.0026088109
0.0025880027
0.0025672816
0.0025466563
0.0025261336
0.0025057187
0.0024854154
0.0024652264
0.0024451536
0.0024251978
0.0024053595
0.0023856384
0.0023660339
0.002346545
0.0023271705
0.0023079089
0.0022887585
0.0022697176
0.0022507843
0.0022319566
0.0022132325
0.0021946099
0.0021760868
0.002157661
0.0021393304
0.0021210929
0.0021029465
0.0020848891
0.0020669187
0.0020490331
0.0020312306
0.0020135089
0.0019958663
0.0019783008
0.0019608106
0.0019433938
0.0019260486
0.0019087733
0.001891566
0.0018744252
0.0018573491
0.001840336
0.0018233844
0.0018064928
0.0017896595
0.0017728831
0.0017561621
0.001739495
0.0017228804
0.0017063171
0.0016898035
0.0016733385
0.0016569207
0.0016405488
0.0016242217
0.0016079381
0.0015916968
0.0015754968
0.0015593369
0.0015432161
0.0015271332
0.0015110872
0.0014950771
0.001479102
0.0014631609
0.0014472528
0.0014313768
0.0014155321
0.0013997178
0.001383933
0.0013681769
0.0013524487
0.0013367477
0.001321073
0.001305424
0.0012898
0.0012742001
0.0012586238
0.0012430704
0.0012275392
0.0012120296
0.001196541
0.0011810728
0.0011656244
0.0011501953
0.001134785
0.0011193927
0.0011040182
0.0010886608
0.0010733201
0.0010579956
0.0010426868
0.0010273933
0.0010121147
0.00099685045
0.00098160023
0.00096636362
0.00095114021
0.00093592965
0.00092073154
0.00090554555
0.00089037131
0.0008752085
0.00086005677
0.00084491581
0.00082978532
0.00081466498
0.0007995545
0.0007844536
0.00076936201
0.00075427945
0.00073920566
0.00072414038
0.00070908338
0.0006940344
0.00067899323
0.00066395962
0.00064893337
0.00063391425
0.00061890207
0.00060389661
0.00058889769
0.00057390511
0.00055891869
0.00054393825
0.00052896361
0.00051399461
0.00049903108
0.00048407287
0.00046911981
0.00045417175
0.00043922856
0.00042429009
0.00040935619
0.00039442674
0.00037950161
0.00036458066
0.00034966377
0.00033475083
0.00031984171
0.0003049363
0.00029003449
0.00027513616
0.00026024122
0.00024534956
0.00023046107
0.00021557565
0.0002006932
0.00018581362
0.00017093682
0.00015606268
0.00014119113
0.00012632205
0.00011145536
9.6590953e-05
8.1728725e-05
6.6868689e-05
5.2010241e-05
3.7155617e-05
2.229412e-05
7.4842066e-06
1.6515786e-05
0.0018584068
0.0026453279
0.0028049531
0.0028792714
0.0029407287
0.0029731325
0.0029897384
0.0030024946
0.0030132001
0.0030213173
0.0030269268
0.003030195
0.0030311243
0.0030297119
0.0030260223
0.0030201663
0.0030122814
0.003002524
0.0029910628
0.0029780704
0.002963718
0.0029481707
0.0029315848
0.0029141056
0.0028958666
0.0028769888
0.0028575808
0.0028377394
0.0028175498
0.0027970868
0.0027764154
0.0027555916
0.0027346636
0.0027136726
0.0026926533
0.002671635
0.0026506422
0.0026296953
0.0026088109
0.0025880027
0.0025672816
0.0025466563
0.0025261336
0.0025057187
0.0024854154
0.0024652264
0.0024451536
0.0024251978
0.0024053595
0.0023856384
0.0023660339
0.002346545
0.0023271705
0.0023079089
0.0022887585
0.0022697176
0.0022507843
0.0022319566
0.0022132325
0.0021946099
0.0021760868
0.002157661
0.0021393304
0.0021210929
0.0021029465
0.0020848891
0.0020669187
0.0020490331
0.0020312305
0.0020135089
0.0019958663
0.0019783008
0.0019608106
0.0019433938
0.0019260486
0.0019087733
0.001891566
0.0018744252
0.001857349
0.001840336
0.0018233844
0.0018064928
0.0017896595
0.0017728831
0.001756162
0.001739495
0.0017228804
0.0017063171
0.0016898035
0.0016733385
0.0016569207
0.0016405488
0.0016242217
0.0016079381
0.0015916968
0.0015754968
0.0015593369
0.0015432161
0.0015271331
0.0015110872
0.0014950771
0.001479102
0.0014631609
0.0014472528
0.0014313768
0.0014155321
0.0013997177
0.0013839329
0.0013681769
0.0013524487
0.0013367477
0.001321073
0.001305424
0.0012897999
0.0012742001
0.0012586238
0.0012430703
0.0012275391
0.0012120296
0.001196541
0.0011810728
0.0011656244
0.0011501953
0.0011347849
0.0011193927
0.0011040182
0.0010886608
0.0010733201
0.0010579956
0.0010426868
0.0010273933
0.0010121146
0.0009968504
0.00098160018
0.00096636356
0.00095114016
0.00093592959
0.00092073149
0.00090554549
0.00089037125
0.00087520843
0.00086005671
0.00084491575
0.00082978525
0.00081466491
0.00079955443
0.00078445353
0.00076936194
0.00075427937
0.00073920558
0.00072414031
0.0007090833
0.00069403432
0.00067899315
0.00066395954
0.00064893328
0.00063391417
0.00061890198
0.00060389652
0.0005888976
0.00057390502
0.0005589186
0.00054393816
0.00052896352
0.00051399452
0.00049903099
0.00048407277
0.00046911971
0.00045417166
0.00043922847
0.00042428999
0.0004093561
0.00039442665
0.00037950151
0.00036458056
0.00034966368
0.00033475073
0.00031984162
0.00030493621
0.0002900344
0.00027513608
0.00026024114
0.00024534948
0.00023046099
0.00021557557
0.00020069313
0.00018581355
0.00017093675
0.00015606262
0.00014119107
0.000126322
0.00011145532
9.6590923e-05
8.1728707e-05
6.6868686e-05
5.2010255e-05
3.7155656e-05
2.229417e-05
7.4843735e-06
0.002302824
0.0026430497
0.0028422446
0.0028774723
0.0029050305
0.0029422201
0.0029688518
0.0029862035
0.0030001909
0.0030119214
0.0030209367
0.0030272277
0.0030309416
0.0030321338
0.0030308529
0.0030271989
0.0030213104
0.0030133477
0.0030034845
0.0029919019
0.0029787823
0.0029643033
0.0029486348
0.0029319359
0.0029143537
0.0028960226
0.0028770638
0.0028575856
0.0028376843
0.0028174444
0.0027969396
0.0027762342
0.0027553833
0.0027344342
0.0027134272
0.0026923965
0.0026713705
0.0026503732
0.0026294244
0.0026085403
0.002587734
0.0025670163
0.0025463955
0.0025258782
0.0025054693
0.0024851724
0.0024649903
0.0024449244
0.0024249757
0.0024051445
0.0023854304
0.0023658328
0.0023463508
0.0023269829
0.0023077278
0.0022885838
0.002269549
0.0022506216
0.0022317995
0.0022130809
0.0021944636
0.0021759455
0.0021575246
0.0021391987
0.0021209657
0.0021028237
0.0020847704
0.002066804
0.0020489223
0.0020311234
0.0020134053
0.0019957661
0.0019782039
0.0019607169
0.0019433031
0.0019259609
0.0019086884
0.0018914839
0.0018743456
0.001857272
0.0018402614
0.0018233122
0.0018064229
0.0017895918
0.0017728175
0.0017560985
0.0017394334
0.0017228208
0.0017062593
0.0016897475
0.0016732842
0.0016568681
0.0016404978
0.0016241723
0.0016078902
0.0015916504
0.0015754518
0.0015592933
0.0015431738
0.0015270922
0.0015110474
0.0014950386
0.0014790646
0.0014631246
0.0014472176
0.0014313427
0.001415499
0.0013996857
0.0013839019
0.0013681467
0.0013524195
0.0013367193
0.0013210455
0.0013053973
0.0012897741
0.001274175
0.0012585994
0.0012430467
0.0012275162
0.0012120073
0.0011965194
0.0011810519
0.0011656041
0.0011501756
0.0011347658
0.0011193742
0.0011040002
0.0010886433
0.0010733031
0.0010579791
0.0010426708
0.0010273778
0.0010120996
0.00099683583
0.00098158604
0.00096634984
0.00095112684
0.00093591666
0.00092071894
0.00090553331
0.00089035943
0.00087519696
0.00086004557
0.00084490494
0.00082977476
0.00081465473
0.00079954455
0.00078444394
0.00076935262
0.00075427033
0.0007391968
0.00072413178
0.00070907503
0.00069402629
0.00067898535
0.00066395197
0.00064892593
0.00063390703
0.00061889505
0.0006038898
0.00058889107
0.00057389868
0.00055891244
0.00054393218
0.00052895771
0.00051398888
0.00049902552
0.00048406746
0.00046911455
0.00045416665
0.0004392236
0.00042428527
0.00040935151
0.0003944222
0.00037949719
0.00036457637
0.00034965961
0.00033474678
0.00031983778
0.00030493249
0.00029003079
0.00027513259
0.00026023776
0.0002453462
0.00023045782
0.00021557251
0.00020069016
0.00018581069
0.00017093399
0.00015605997
0.00014118852
0.00012631956
0.00011145297
9.6588684e-05
8.1726574e-05
6.6866651e-05
5.2008357e-05
3.7153742e-05
2.2292985e-05
7.4798325e-06
0.0025532417
0.0025690862
0.0027038752
0.0028080177
0.0028694592
0.0029157497
0.0029508561
0.0029759495
0.0029948602
0.003009649
0.0030207659
0.0030284662
0.0030330399
0.003034699
0.003033613
0.0030299638
0.0030239502
0.0030157788
0.0030056579
0.002993794
0.0029803873
0.0029656282
0.002949695
0.0029327519
0.0029149491
0.0028964218
0.0028772913
0.0028576649
0.0028376373
0.0028172913
0.0027966988
0.0027759218
0.0027550136
0.0027340197
0.0027129786
0.0026919229
0.0026708797
0.0026498717
0.0026289176
0.0026080325
0.002587229
0.0025665168
0.0025459039
0.0025253961
0.0025049981
0.0024847132
0.0024645436
0.0024444907
0.0024245553
0.0024047373
0.0023850364
0.002365452
0.0023459827
0.0023266275
0.0023073846
0.0022882525
0.0022692292
0.0022503129
0.0022315016
0.0022127934
0.002194186
0.0021756775
0.0021572658
0.0021389488
0.0021207244
0.0021025905
0.0020845451
0.0020665862
0.0020487118
0.0020309199
0.0020132086
0.0019955759
0.00197802
0.0019605389
0.001943131
0.0019257943
0.0019085271
0.0018913278
0.0018741945
0.0018571258
0.0018401198
0.0018231751
0.00180629
0.0017894631
0.0017726929
0.0017559778
0.0017393165
0.0017227075
0.0017061495
0.0016896411
0.0016731811
0.0016567681
0.001640401
0.0016240784
0.0016077992
0.0015915622
0.0015753663
0.0015592104
0.0015430934
0.0015270142
0.0015109719
0.0014949653
0.0014789936
0.0014630557
0.0014471508
0.0014312779
0.0014154362
0.0013996248
0.0013838428
0.0013680894
0.0013523639
0.0013366654
0.0013209932
0.0013053466
0.0012897249
0.0012741273
0.0012585531
0.0012430018
0.0012274727
0.0012119651
0.0011964784
0.0011810121
0.0011655655
0.0011501382
0.0011347295
0.0011193389
0.001103966
0.0010886102
0.0010732709
0.0010579479
0.0010426405
0.0010273484
0.0010120711
0.00099680814
0.00098155917
0.00096632377
0.00095110154
0.00093589211
0.00092069512
0.00090551019
0.000890337
0.00087517519
0.00086002444
0.00084488443
0.00082975486
0.00081463541
0.0007995258
0.00078442574
0.00076933496
0.00075425319
0.00073918017
0.00072411564
0.00070905936
0.00069401108
0.00067897058
0.00066393764
0.00064891202
0.00063389353
0.00061888195
0.00060387707
0.00058887872
0.00057388669
0.0005589008
0.00054392088
0.00052894675
0.00051397824
0.00049901518
0.00048405743
0.00046910482
0.0004541572
0.00043921443
0.00042427637
0.00040934287
0.00039441381
0.00037948905
0.00036456847
0.00034965195
0.00033473935
0.00031983058
0.0003049255
0.00029002402
0.00027512602
0.00026023139
0.00024534004
0.00023045186
0.00021556674
0.0002006846
0.00018580532
0.00017092881
0.00015605498
0.00014118373
0.00012631496
0.00011144856
9.6584464e-05
8.1722543e-05
6.6862793e-05
5.2004739e-05
3.7150069e-05
2.2290644e-05
7.4711376e-06
0.0026000468
0.002627378
0.0027209551
0.0028044723
0.0028588338
0.0029021372
0.0029392706
0.0029687729
0.0029916735
0.0030094909
0.0030228556
0.003032105
0.0030376102
0.0030397175
0.0030387275
0.0030349257
0.0030285923
0.0030199975
0.003009398
0.0029970357
0.0029831356
0.002967905
0.002951533
0.0029341902
0.0029160294
0.0028971863
0.002877781
0.0028579185
0.0028376905
0.0028171765
0.0027964449
0.0027755544
0.0027545552
0.0027334896
0.0027123936
0.0026912969
0.0026702248
0.0026491978
0.0026282329
0.0026073439
0.0025865419
0.0025658357
0.0025452321
0.0025247365
0.0025043527
0.0024840835
0.0024639306
0.0024438952
0.0024239776
0.0024041777
0.0023844949
0.0023649283
0.0023454766
0.0023261386
0.0023069125
0.0022877966
0.0022687892
0.0022498882
0.0022310917
0.0022123976
0.002193804
0.0021753087
0.0021569096
0.0021386048
0.0021203921
0.0021022695
0.0020842349
0.0020662865
0.0020484221
0.0020306398
0.0020129377
0.0019953139
0.0019777665
0.0019602937
0.0019428937
0.0019255647
0.0019083049
0.0018911127
0.0018739863
0.0018569242
0.0018399246
0.001822986
0.0018061069
0.0017892858
0.001772521
0.0017558113
0.0017391552
0.0017225512
0.0017059981
0.0016894944
0.0016730389
0.0016566303
0.0016402674
0.0016239489
0.0016076737
0.0015914405
0.0015752484
0.001559096
0.0015429825
0.0015269067
0.0015108676
0.0014948642
0.0014788956
0.0014629607
0.0014470587
0.0014311886
0.0014153495
0.0013995407
0.0013837612
0.0013680103
0.0013522872
0.001336591
0.0013209211
0.0013052766
0.001289657
0.0012740614
0.0012584892
0.0012429398
0.0012274125
0.0012119067
0.0011964218
0.0011809572
0.0011655123
0.0011500865
0.0011346794
0.0011192903
0.0011039188
0.0010885644
0.0010732265
0.0010579048
0.0010425987
0.0010273078
0.0010120317
0.00099676994
0.0009815221
0.00096628779
0.00095106663
0.00093585824
0.00092066225
0.0009054783
0.00089030604
0.00087514515
0.00085999529
0.00084485614
0.0008297274
0.00081460877
0.00079949994
0.00078440065
0.00076931061
0.00075422956
0.00073915723
0.00072409337
0.00070903775
0.00069399011
0.00067895023
0.00066391788
0.00064889285
0.00063387492
0.00061886388
0.00060385954
0.0005888617
0.00057387017
0.00055888477
0.00054390532
0.00052893164
0.00051396358
0.00049900096
0.00048404362
0.00046909141
0.00045414419
0.00043920181
0.00042426412
0.00040933098
0.00039440227
0.00037947786
0.00036455761
0.00034964141
0.00033472913
0.00031982066
0.00030491589
0.0002900147
0.00027511699
0.00026022265
0.00024533157
0.00023044367
0.00021555882
0.00020067695
0.00018579794
0.0001709217
0.00015604814
0.00014117715
0.00012630864
0.00011144252
9.6578679e-05
8.1717017e-05
6.6857501e-05
5.1999757e-05
3.7145006e-05
2.2287294e-05
7.4593203e-06
0.0026477356
0.0026691787
0.0027250431
0.0027879823
0.002841533
0.0028882868
0.0029295728
0.0029639168
0.0029912722
0.0030125267
0.0030283351
0.0030391729
0.0030455412
0.0030479391
0.0030468207
0.0030426006
0.0030356614
0.0030263534
0.0030149936
0.0030018669
0.0029872285
0.0029713051
0.0029542973
0.0029363815
0.0029177122
0.0028984239
0.0028786333
0.0028584413
0.0028379346
0.0028171874
0.002796263
0.0027752152
0.0027540893
0.0027329236
0.0027117499
0.0026905949
0.0026694804
0.0026484244
0.0026274416
0.0026065438
0.0025857403
0.0025650386
0.0025444442
0.0025239613
0.0025035931
0.0024833415
0.0024632077
0.0024431924
0.0024232956
0.0024035167
0.0023838549
0.0023643092
0.0023448783
0.0023255605
0.0023063542
0.0022872575
0.0022682687
0.0022493858
0.0022306067
0.0022119294
0.0021933519
0.0021748722
0.0021564881
0.0021381977
0.0021199988
0.0021018895
0.0020838678
0.0020659316
0.002048079
0.0020303081
0.002012617
0.0019950037
0.0019774664
0.0019600034
0.0019426128
0.0019252928
0.0019080417
0.0018908579
0.0018737396
0.0018566853
0.0018396932
0.001822762
0.0018058899
0.0017890755
0.0017723174
0.001755614
0.001738964
0.001722366
0.0017058185
0.0016893204
0.0016728703
0.0016564669
0.0016401089
0.0016237953
0.0016075248
0.0015912962
0.0015751084
0.0015589604
0.001542851
0.0015267792
0.0015107439
0.0014947443
0.0014787793
0.0014628479
0.0014469493
0.0014310825
0.0014152466
0.0013994409
0.0013836645
0.0013679165
0.0013521961
0.0013365027
0.0013208354
0.0013051935
0.0012895764
0.0012739832
0.0012584134
0.0012428662
0.0012273412
0.0012118375
0.0011963546
0.001180892
0.001165449
0.0011500252
0.0011346198
0.0011192325
0.0011038628
0.00108851
0.0010731738
0.0010578536
0.0010425491
0.0010272596
0.001011985
0.00099672457
0.00098147808
0.00096624508
0.00095102518
0.00093581802
0.00092062322
0.00090544042
0.00089026929
0.00087510948
0.00085996068
0.00084482256
0.00082969481
0.00081457714
0.00079946925
0.00078437086
0.0007692817
0.0007542015
0.00073913
0.00072406695
0.0007090121
0.00069396522
0.00067892607
0.00066389444
0.00064887009
0.00063385283
0.00061884245
0.00060383874
0.00058884151
0.00057385058
0.00055886575
0.00054388686
0.00052891373
0.00051394619
0.00049898408
0.00048402724
0.00046907552
0.00045412877
0.00043918683
0.00042424959
0.00040931688
0.00039438859
0.00037946458
0.00036454473
0.00034962891
0.00033471701
0.00031980891
0.0003049045
0.00029000366
0.00027510629
0.00026021229
0.00024532155
0.00023043397
0.00021554945
0.00020066789
0.00018578921
0.00017091329
0.00015604005
0.00014116938
0.0001263012
0.00011143539
9.6571868e-05
8.1710517e-05
6.6851279e-05
5.1993885e-05
3.7139043e-05
2.2283162e-05
7.4457311e-06
0.002662726
0.0026772118
0.0027185817
0.0027746361
0.0028300882
0.002880769
0.0029261338
0.0029648741
0.0029962912
0.0030206801
0.0030386197
0.0030507046
0.0030575754
0.0030598876
0.003058256
0.0030532359
0.0030453232
0.0030349556
0.0030225155
0.0030083346
0.002992699
0.0029758546
0.0029580121
0.0029393517
0.0029200271
0.0029001688
0.0028798879
0.0028592783
0.0028384196
0.0028173786
0.0027962116
0.0027749658
0.0027536803
0.0027323879
0.0027111156
0.0026898854
0.0026687156
0.0026476207
0.0026266125
0.0026057003
0.0025848915
0.0025641915
0.0025436046
0.0025231337
0.0025027808
0.0024825471
0.0024624332
0.0024424389
0.0024225639
0.0024028072
0.0023831679
0.0023636446
0.0023442357
0.0023249396
0.0023057545
0.0022866785
0.0022677096
0.002248846
0.0022300856
0.0022114264
0.0021928663
0.0021744033
0.0021560353
0.0021377603
0.0021195763
0.0021014812
0.0020834732
0.0020655502
0.0020477103
0.0020299516
0.0020122721
0.0019946701
0.0019771437
0.0019596912
0.0019423106
0.0019250003
0.0019077586
0.0018905838
0.0018734742
0.0018564283
0.0018394443
0.0018225209
0.0018056564
0.0017888493
0.0017720982
0.0017554016
0.0017387582
0.0017221665
0.0017056252
0.001689133
0.0016726887
0.0016562908
0.0016399383
0.0016236299
0.0016073644
0.0015911407
0.0015749577
0.0015588142
0.0015427092
0.0015266417
0.0015106107
0.0014946151
0.0014786539
0.0014627263
0.0014468314
0.0014309681
0.0014151358
0.0013993334
0.0013835601
0.0013678153
0.001352098
0.0013364075
0.001320743
0.0013051039
0.0012894895
0.0012738989
0.0012583316
0.0012427869
0.0012272642
0.0012117628
0.0011962822
0.0011808217
0.0011653808
0.001149959
0.0011345557
0.0011191703
0.0011038023
0.0010884514
0.0010731169
0.0010577984
0.0010424955
0.0010272077
0.0010119345
0.00099667565
0.00098143061
0.00096619902
0.00095098049
0.00093577465
0.00092058113
0.00090539958
0.00089022966
0.00087507103
0.00085992336
0.00084478634
0.00082965966
0.00081454303
0.00079943615
0.00078433874
0.00076925053
0.00075417125
0.00073910064
0.00072403845
0.00070898445
0.00069393838
0.00067890003
0.00066386916
0.00064884556
0.00063382902
0.00061881934
0.00060381631
0.00058881975
0.00057382945
0.00055884525
0.00054386696
0.00052889442
0.00051392745
0.00049896589
0.00048400959
0.00046905839
0.00045411214
0.0004391707
0.00042423393
0.00040930169
0.00039437385
0.00037945028
0.00036453086
0.00034961546
0.00033470396
0.00031979626
0.00030489223
0.00028999177
0.00027509477
0.00026020113
0.00024531075
0.00023042353
0.00021553936
0.00020065816
0.00018577982
0.00017090425
0.00015603136
0.00014116105
0.00012629323
0.00011142778
9.6564608e-05
8.1703605e-05
6.6844676e-05
5.1987644e-05
3.713273e-05
2.2278529e-05
7.4318424e-06
0.0026515941
0.0026638766
0.0027020008
0.002758892
0.0028193675
0.0028762748
0.0029275558
0.0029715284
0.0030071496
0.0030344951
0.0030542022
0.0030670595
0.0030739161
0.0030756251
0.0030729824
0.0030666999
0.0030573952
0.0030455964
0.0030317504
0.0030162329
0.0029993576
0.0029813857
0.0029625341
0.0029429825
0.00292288
0.0029023499
0.0028814945
0.0028603981
0.0028391305
0.0028177493
0.0027963021
0.0027748277
0.0027533581
0.0027319194
0.0027105327
0.002689215
0.00266798
0.0026468385
0.0026257989
0.0026048678
0.0025840501
0.0025633493
0.002542768
0.0025223076
0.002501969
0.0024817525
0.0024616578
0.0024416842
0.0024218308
0.0024020963
0.0023824794
0.0023629784
0.0023435916
0.0023243172
0.0023051533
0.002286098
0.0022671493
0.0022483051
0.0022295634
0.0022109222
0.0021923795
0.0021739332
0.0021555813
0.0021373218
0.0021191527
0.0021010719
0.0020830776
0.0020651678
0.0020473406
0.0020295941
0.0020119264
0.0019943357
0.0019768201
0.001959378
0.0019420075
0.0019247069
0.0019074746
0.0018903088
0.0018732079
0.0018561704
0.0018391945
0.0018222789
0.0018054219
0.0017886222
0.0017718781
0.0017551884
0.0017385515
0.0017219662
0.0017054311
0.0016889449
0.0016725063
0.001656114
0.0016397669
0.0016234637
0.0016072033
0.0015909845
0.0015748062
0.0015586673
0.0015425668
0.0015265036
0.0015104768
0.0014944852
0.001478528
0.0014626042
0.0014467129
0.0014308532
0.0014150243
0.0013992253
0.0013834553
0.0013677136
0.0013519993
0.0013363118
0.0013206502
0.0013050139
0.0012894021
0.0012738142
0.0012582494
0.0012427072
0.0012271868
0.0012116878
0.0011962094
0.0011807511
0.0011653123
0.0011498925
0.0011344911
0.0011191077
0.0011037416
0.0010883924
0.0010730597
0.0010577429
0.0010424417
0.0010271554
0.0010118839
0.00099662647
0.00098138288
0.00096615271
0.00095093555
0.00093573104
0.00092053881
0.00090535852
0.00089018981
0.00087503236
0.00085988583
0.00084474993
0.00082962433
0.00081450874
0.00079940287
0.00078430644
0.00076921919
0.00075414083
0.00073907112
0.00072400981
0.00070895665
0.0006939114
0.00067887385
0.00066384375
0.0006488209
0.00063380509
0.00061879612
0.00060379377
0.00058879787
0.00057380822
0.00055882465
0.00054384697
0.00052887501
0.00051390862
0.00049894762
0.00048399185
0.00046904118
0.00045409544
0.0004391545
0.00042421821
0.00040928643
0.00039435905
0.00037943592
0.00036451693
0.00034960194
0.00033469086
0.00031978355
0.00030487991
0.00028997983
0.00027508321
0.00026018994
0.00024529992
0.00023041305
0.00021552924
0.00020064839
0.00018577041
0.0001708952
0.00015602268
0.00014115273
0.00012628528
0.00011142021
9.6557418e-05
8.1696787e-05
6.6838197e-05
5.1981527e-05
3.7126595e-05
2.2273721e-05
7.4190434e-06
0.0026171102
0.0026290906
0.0026721661
0.0027379458
0.0028081251
0.0028745593
0.0029341546
0.0029844885
0.0030244716
0.0030544285
0.0030753096
0.0030882326
0.0030943536
0.0030947869
0.0030905391
0.0030824803
0.0030713464
0.0030577529
0.0030422029
0.0030251065
0.0030067961
0.00298754
0.0029675542
0.0029470123
0.0029260534
0.0029047897
0.002883311
0.0028616895
0.0028399833
0.0028182387
0.0027964931
0.0027747762
0.0027531117
0.0027315183
0.0027100107
0.0026886005
0.0026672964
0.0026461052
0.0026250318
0.0026040797
0.0025832514
0.0025625483
0.0025419712
0.0025215201
0.0025011948
0.0024809944
0.0024609179
0.002440964
0.0024211313
0.002401418
0.0023818225
0.0023623429
0.0023429773
0.0023237237
0.0023045801
0.0022855445
0.002266615
0.0022477893
0.0022290656
0.0022104416
0.0021919155
0.0021734852
0.0021551487
0.0021369039
0.0021187489
0.0021006818
0.0020827005
0.0020648033
0.0020469881
0.0020292532
0.0020115967
0.0019940167
0.0019765115
0.0019590793
0.0019417184
0.0019244271
0.0019072037
0.0018900465
0.0018729539
0.0018559243
0.0018389562
0.001822048
0.0018051982
0.0017884054
0.0017716681
0.0017549848
0.0017383543
0.0017217751
0.0017052458
0.0016887653
0.0016723322
0.0016559452
0.0016396033
0.0016233051
0.0016070495
0.0015908353
0.0015746616
0.0015585271
0.0015424308
0.0015263718
0.0015103489
0.0014943612
0.0014784077
0.0014624875
0.0014465998
0.0014307435
0.0014149179
0.001399122
0.0013833551
0.0013676164
0.0013519051
0.0013362204
0.0013205615
0.0013049279
0.0012893187
0.0012737332
0.0012581709
0.001242631
0.0012271129
0.001211616
0.0011961398
0.0011806836
0.0011652468
0.001149829
0.0011344295
0.0011190479
0.0011036836
0.0010883361
0.0010730051
0.0010576899
0.0010423902
0.0010271055
0.0010118354
0.00099657948
0.00098133729
0.00096610846
0.00095089262
0.00093568938
0.00092049839
0.00090531929
0.00089015174
0.00087499542
0.00085984999
0.00084471514
0.00082959057
0.00081447598
0.00079937108
0.00078427559
0.00076918925
0.00075411178
0.00073904293
0.00072398245
0.0007089301
0.00069388564
0.00067884884
0.00066381948
0.00064879735
0.00063378224
0.00061877394
0.00060377225
0.00058877698
0.00057378795
0.00055880497
0.00054382788
0.00052885649
0.00051389064
0.00049893017
0.00048397492
0.00046902475
0.0004540795
0.00043913903
0.0004242032
0.00040927187
0.00039434492
0.00037942221
0.00036450363
0.00034958905
0.00033467835
0.00031977143
0.00030486816
0.00028996845
0.00027507218
0.00026017926
0.00024528959
0.00023040306
0.00021551959
0.00020063909
0.00018576145
0.00017088659
0.00015601442
0.00014114484
0.00012627776
0.00011141307
9.6550674e-05
8.1690437e-05
6.6832217e-05
5.1975917e-05
3.7121072e-05
2.226907e-05
7.4084606e-06
0.0025611899
0.002559215
0.0026211712
0.0027120157
0.0027992051
0.0028782296
0.0029476795
0.0030048029
0.0030487727
0.0030805309
0.0031016041
0.0031136023
0.0031180812
0.0031164581
0.0031099598
0.0030996122
0.0030862563
0.0030705721
0.0030531009
0.0030342695
0.0030144139
0.0029937983
0.0029726289
0.0029510659
0.0029292335
0.0029072281
0.0028851244
0.0028629803
0.0028408401
0.0028187383
0.002796701
0.0027747482
0.002752895
0.0027311526
0.0027095292
0.0026880306
0.002666661
0.0026454228
0.0026243177
0.0026033462
0.0025825084
0.0025618035
0.0025412307
0.0025207887
0.002500476
0.002480291
0.0024602318
0.0024402965
0.0024204831
0.0024007898
0.0023812143
0.0023617547
0.0023424088
0.0023231745
0.0023040499
0.0022850327
0.0022661209
0.0022473124
0.0022286052
0.0022099973
0.0021914865
0.002173071
0.0021547486
0.0021365174
0.0021183755
0.0021003209
0.0020823518
0.0020644661
0.0020466621
0.0020289379
0.0020112917
0.0019937216
0.001976226
0.001958803
0.0019414509
0.0019241681
0.0019069529
0.0018898036
0.0018727187
0.0018556965
0.0018387355
0.0018218343
0.0018049911
0.0017882047
0.0017714736
0.0017547964
0.0017381716
0.001721598
0.0017050742
0.0016885989
0.0016721709
0.0016557889
0.0016394517
0.0016231581
0.001606907
0.0015906972
0.0015745276
0.0015583972
0.0015423049
0.0015262496
0.0015102304
0.0014942463
0.0014782963
0.0014623795
0.0014464949
0.0014306418
0.0014148192
0.0013990264
0.0013832624
0.0013675264
0.0013518178
0.0013361357
0.0013204794
0.0013048482
0.0012892413
0.0012736582
0.0012580981
0.0012425604
0.0012270444
0.0012115496
0.0011960753
0.001180621
0.0011651861
0.0011497701
0.0011343724
0.0011189924
0.0011036298
0.001088284
0.0010729545
0.0010576408
0.0010423426
0.0010270593
0.0010117906
0.00099653595
0.00098129505
0.00096606748
0.00095085285
0.00093565079
0.00092046094
0.00090528295
0.00089011648
0.0008749612
0.00085981679
0.00084468292
0.0008295593
0.00081444564
0.00079934164
0.00078424702
0.00076916152
0.00075408487
0.00073901682
0.00072395711
0.00070890551
0.00069386178
0.00067882568
0.00066379701
0.00064877555
0.00063376108
0.0006187534
0.00060375232
0.00058875764
0.00057376918
0.00055878676
0.0005438102
0.00052883934
0.000513874
0.00049891402
0.00048395925
0.00046900954
0.00045406474
0.00043912471
0.00042418931
0.00040925839
0.00039433185
0.00037940953
0.00036449133
0.00034957712
0.00033466678
0.00031976021
0.00030485729
0.00028995791
0.00027506198
0.00026016938
0.00024528003
0.00023039383
0.00021551067
0.00020063049
0.00018575317
0.00017087864
0.0001560068
0.00014113757
0.00012627085
0.00011140654
9.654454e-05
8.1684719e-05
6.6826914e-05
5.1971022e-05
3.7116421e-05
2.2264859e-05
7.4008254e-06
0.0025411205
0.0024600258
0.0025299786
0.0026593389
0.0027794598
0.0028810783
0.0029645499
0.0030297035
0.0030776294
0.0031105217
0.0031308721
0.0031410369
0.003143089
0.0031387844
0.0031295687
0.0031166045
0.003100811
0.0030829064
0.0030634486
0.0030428661
0.0030214835
0.0029995467
0.0029772431
0.0029547136
0.0029320635
0.0029093708
0.0028866932
0.002864073
0.0028415409
0.0028191188
0.002796822
0.002774661
0.0027526425
0.0027307708
0.0027090479
0.0026874744
0.00266605
0.0026447735
0.0026236434
0.0026026576
0.0025818138
0.0025611098
0.0025405431
0.0025201111
0.0024998114
0.0024796415
0.002459599
0.0024396815
0.0024198865
0.0024002118
0.002380655
0.0023612139
0.0023418862
0.0023226699
0.0023035626
0.0022845622
0.0022656668
0.002246874
0.002228182
0.0022095887
0.002191092
0.0021726899
0.0021543805
0.0021361618
0.0021180318
0.0020999888
0.0020820306
0.0020641556
0.0020463618
0.0020286474
0.0020110106
0.0019934497
0.0019759628
0.0019585482
0.0019412043
0.0019239293
0.0019067216
0.0018895797
0.0018725018
0.0018554864
0.001838532
0.001821637
0.0018048
0.0017880195
0.0017712941
0.0017546224
0.001738003
0.0017214346
0.0017049158
0.0016884454
0.001672022
0.0016556446
0.0016393118
0.0016230224
0.0016067754
0.0015905696
0.0015744039
0.0015582772
0.0015421885
0.0015261368
0.001510121
0.0014941402
0.0014781934
0.0014622796
0.0014463981
0.0014305479
0.0014147282
0.001398938
0.0013831767
0.0013674433
0.0013517372
0.0013360575
0.0013204035
0.0013047746
0.00128917
0.0012735889
0.0012580309
0.0012424952
0.0012269812
0.0012114883
0.0011960158
0.0011805633
0.0011651301
0.0011497157
0.0011343196
0.0011189413
0.0011035802
0.0010882358
0.0010729077
0.0010575955
0.0010422986
0.0010270166
0.0010117491
0.00099649574
0.00098125604
0.00096602962
0.00095081612
0.00093561515
0.00092042636
0.0009052494
0.00089008392
0.00087492961
0.00085978613
0.00084465317
0.00082953043
0.00081441762
0.00079931445
0.00078422064
0.00076913592
0.00075406003
0.00073899271
0.00072393372
0.00070888281
0.00069383975
0.00067880431
0.00066377627
0.00064875542
0.00063374154
0.00061873444
0.00060373392
0.00058873979
0.00057375186
0.00055876995
0.00054379389
0.00052882351
0.00051385864
0.00049889912
0.00048394479
0.00046899551
0.00045405113
0.0004391115
0.00042417649
0.00040924596
0.00039431978
0.00037939783
0.00036447998
0.00034956611
0.00033465611
0.00031974986
0.00030484726
0.00028994819
0.00027505256
0.00026016027
0.00024527121
0.0002303853
0.00021550244
0.00020062254
0.00018574552
0.00017087128
0.00015599975
0.00014113085
0.00012626447
0.00011140053
9.6538933e-05
8.1679548e-05
6.6822214e-05
5.1966806e-05
3.7112663e-05
2.2261255e-05
7.3963985e-06
0.0024402337
0.0024560707
0.0025312013
0.0026429935
0.0027741115
0.0028927624
0.0029868729
0.0030575541
0.0031077899
0.0031406485
0.0031594138
0.0031671407
0.0031663797
0.003159183
0.0031471749
0.0031316179
0.0031134794
0.0030934928
0.0030722102
0.0030500443
0.003027302
0.0030042073
0.0029809231
0.002957568
0.0029342267
0.0029109589
0.0028878057
0.0028647948
0.002841944
0.002819264
0.0027967604
0.0027744353
0.0027522885
0.0027303177
0.0027085201
0.0026868918
0.0026654287
0.0026441267
0.0026229815
0.002601989
0.0025811452
0.0025604462
0.0025398884
0.0025194684
0.0024991828
0.0024790286
0.0024590029
0.0024391027
0.0024193254
0.0023996684
0.0023801293
0.0023607056
0.002341395
0.0023221953
0.0023031041
0.0022841195
0.0022652391
0.002246461
0.0022277831
0.0022092032
0.0021907196
0.00217233
0.0021540326
0.0021358255
0.0021177067
0.0020996744
0.0020817265
0.0020638614
0.0020460772
0.0020283719
0.002010744
0.0019931916
0.0019757129
0.0019583062
0.00194097
0.0019237024
0.0019065018
0.0018893667
0.0018722955
0.0018552865
0.0018383383
0.0018214493
0.0018046181
0.0017878432
0.0017711233
0.0017544568
0.0017378425
0.0017212789
0.0017047649
0.0016882991
0.0016718802
0.001655507
0.0016391784
0.0016228931
0.00160665
0.001590448
0.001574286
0.0015581629
0.0015420776
0.0015260292
0.0015100166
0.001494039
0.0014780952
0.0014621844
0.0014463058
0.0014304584
0.0014146413
0.0013988537
0.0013830949
0.001367364
0.0013516602
0.0013359828
0.0013203311
0.0013047043
0.0012891018
0.0012735228
0.0012579668
0.001242433
0.0012269208
0.0012114297
0.001195959
0.0011805082
0.0011650766
0.0011496638
0.0011342693
0.0011188924
0.0011035327
0.0010881898
0.0010728631
0.0010575522
0.0010422566
0.0010269758
0.0010117096
0.00099645736
0.00098121879
0.00096599348
0.00095078105
0.00093558112
0.00092039334
0.00090521735
0.00089005283
0.00087489943
0.00085975685
0.00084462476
0.00082950286
0.00081439087
0.00079928849
0.00078419545
0.00076911148
0.00075403631
0.00073896969
0.00072391138
0.00070886113
0.00069381871
0.0006787839
0.00066375646
0.0006487362
0.00063372289
0.00061871635
0.00060371636
0.00058872275
0.00057373533
0.00055875391
0.00054377832
0.0005288084
0.00051384398
0.00049888489
0.00048393099
0.00046898212
0.00045403813
0.00043909889
0.00042416426
0.0004092341
0.00039430827
0.00037938667
0.00036446915
0.00034955561
0.00033464592
0.00031973999
0.00030483768
0.00028993891
0.00027504357
0.00026015156
0.00024526278
0.00023037714
0.00021549455
0.00020061492
0.00018573817
0.00017086421
0.00015599297
0.00014112436
0.00012625831
0.00011139472
9.6533517e-05
8.1674584e-05
6.6817775e-05
5.1962956e-05
3.7109525e-05
2.2258219e-05
7.3949507e-06
0.00055541201
0.0016552079
0.0021964126
0.002478395
0.0027009491
0.0028710732
0.002991179
0.0030742491
0.0031297503
0.0031639469
0.0031819196
0.0031877882
0.003184719
0.0031751118
0.0031607804
0.0031430838
0.0031230302
0.0031013624
0.0030786241
0.0030552101
0.0030314059
0.0030074149
0.0029833796
0.0029593985
0.0029355385
0.0029118434
0.0028883406
0.0028650456
0.0028419658
0.002819103
0.0027964551
0.0027740176
0.0027517847
0.0027297497
0.0027079054
0.0026862449
0.0026647613
0.002643448
0.002622299
0.0026013085
0.0025804711
0.0025597821
0.0025392369
0.0025188313
0.0024985616
0.0024784241
0.0024584155
0.0024385328
0.0024187731
0.0023991335
0.0023796116
0.0023602047
0.0023409106
0.0023217268
0.0023026512
0.0022836815
0.0022648156
0.0022460515
0.0022273871
0.0022088202
0.0021903491
0.0021719716
0.0021536859
0.00213549
0.002117382
0.00209936
0.0020814222
0.0020635668
0.0020457918
0.0020280956
0.0020104763
0.0019929323
0.0019754617
0.0019580629
0.0019407341
0.0019234738
0.0019062803
0.001889152
0.0018720874
0.0018550848
0.0018381427
0.0018212597
0.0018044343
0.001787665
0.0017709505
0.0017542893
0.00173768
0.0017211214
0.0017046121
0.0016881509
0.0016717365
0.0016553677
0.0016390432
0.001622762
0.0016065229
0.0015903247
0.0015741664
0.0015580468
0.0015419651
0.00152592
0.0015099107
0.0014939362
0.0014779955
0.0014620877
0.001446212
0.0014303673
0.001414553
0.0013987681
0.0013830118
0.0013672834
0.001351582
0.001335907
0.0013202575
0.0013046329
0.0012890325
0.0012734556
0.0012579015
0.0012423697
0.0012268594
0.0012113701
0.0011959012
0.001180452
0.0011650222
0.001149611
0.001134218
0.0011188427
0.0011034845
0.001088143
0.0010728176
0.0010575081
0.0010422138
0.0010269343
0.0010116693
0.00099641825
0.00098118085
0.00096595666
0.00095074532
0.00093554645
0.00092035969
0.0009051847
0.00089002114
0.00087486869
0.00085972701
0.0008445958
0.00082947477
0.0008143636
0.00079926203
0.00078416977
0.00076908656
0.00075401213
0.00073894623
0.00072388861
0.00070883904
0.00069379727
0.00067876309
0.00066373627
0.0006487166
0.00063370388
0.00061869789
0.00060369846
0.00058870538
0.00057371847
0.00055873755
0.00054376245
0.000528793
0.00051382903
0.00049887039
0.00048391691
0.00046896846
0.00045402488
0.00043908604
0.00042415179
0.00040922199
0.00039429653
0.00037937528
0.0003644581
0.00034954489
0.00033463553
0.0003197299
0.00030482791
0.00028992943
0.00027503438
0.00026014265
0.00024525415
0.00023036878
0.00021548646
0.0002006071
0.00018573061
0.00017085692
0.00015598595
0.00014111762
0.00012625186
0.00011138861
9.6527777e-05
8.166929e-05
6.6813034e-05
5.1958901e-05
3.7106422e-05
2.2255435e-05
7.3958154e-06
0.0014601357
0.0018947204
0.0022234709
0.0024766491
0.0026957402
0.0028701397
0.0029976036
0.0030862525
0.003144559
0.003179531
0.0031970105
0.003201657
0.0031970171
0.0031857388
0.0031697811
0.0031505799
0.0031291787
0.0031063302
0.0030825736
0.003058292
0.0030337549
0.0030091497
0.0029846037
0.0029602011
0.0029359956
0.0029120195
0.00288829
0.0028648138
0.0028415908
0.0028186163
0.0027958829
0.0027733814
0.0027511021
0.002729035
0.0027071703
0.0026854986
0.0026640113
0.0026427002
0.0026215579
0.0026005777
0.0025797533
0.0025590792
0.0025385504
0.0025181621
0.0024979103
0.0024777911
0.0024578009
0.0024379365
0.0024181948
0.002398573
0.0023790685
0.0023596786
0.0023404009
0.0023212332
0.0023021731
0.0022832185
0.0022643672
0.0022456172
0.0022269664
0.0022084127
0.0021899543
0.0021715891
0.0021533152
0.0021351308
0.0021170338
0.0020990226
0.0020810951
0.0020632497
0.0020454844
0.0020277975
0.0020101873
0.001992652
0.0019751899
0.0019577993
0.0019404785
0.0019232259
0.0019060399
0.0018889188
0.0018718611
0.0018548653
0.0018379298
0.0018210532
0.0018042339
0.0017874706
0.0017707619
0.0017541063
0.0017375025
0.0017209492
0.001704445
0.0016879888
0.0016715792
0.001655215
0.0016388951
0.0016226183
0.0016063834
0.0015901894
0.0015740351
0.0015579194
0.0015418414
0.0015258001
0.0015097943
0.0014938233
0.0014778859
0.0014619814
0.0014461088
0.0014302672
0.0014144558
0.0013986738
0.0013829203
0.0013671945
0.0013514958
0.0013358233
0.0013201763
0.0013045541
0.001288956
0.0012733814
0.0012578295
0.0012422998
0.0012267916
0.0012113043
0.0011958373
0.0011803901
0.001164962
0.0011495526
0.0011341614
0.0011187877
0.0011034311
0.0010880912
0.0010727674
0.0010574593
0.0010421664
0.0010268884
0.0010116247
0.000996375
0.00098113887
0.00096591592
0.00095070578
0.00093550807
0.00092032245
0.00090514856
0.00088998607
0.00087483465
0.00085969397
0.00084456374
0.00082944365
0.00081433341
0.00079923273
0.00078414133
0.00076905896
0.00075398534
0.00073892023
0.00072386338
0.00070881455
0.00069377351
0.00067874003
0.00066371389
0.00064869489
0.0006336828
0.00061867744
0.00060367861
0.00058868611
0.00057369977
0.00055871941
0.00054374484
0.00052877591
0.00051381245
0.0004988543
0.00048390131
0.00046895332
0.00045401019
0.00043907178
0.00042413795
0.00040920857
0.0003942835
0.00037936264
0.00036444584
0.00034953299
0.00033462399
0.0003197187
0.00030481704
0.0002899189
0.00027502416
0.00026013274
0.00024524454
0.00023035946
0.00021547743
0.00020059835
0.00018572214
0.00017084872
0.00015597802
0.00014110997
0.00012624449
0.00011138154
9.6521052e-05
8.1662968e-05
6.6807231e-05
5.1953802e-05
3.7102388e-05
2.2252116e-05
7.3979295e-06
0.0019173356
0.0020716173
0.0022797368
0.0025036494
0.0027112794
0.0028820608
0.0030103226
0.0031001994
0.0031587825
0.0031931648
0.0032094793
0.0032126424
0.0032064104
0.0031935754
0.0031761786
0.0031556949
0.0031331791
0.0031093798
0.0030848234
0.0030598766
0.0030347913
0.0030097379
0.0029848286
0.002960134
0.0029356961
0.002911537
0.0028876653
0.0028640805
0.0028407764
0.0028177431
0.002794969
0.0027724413
0.0027501476
0.0027280752
0.0027062125
0.0026845486
0.0026630735
0.0026417778
0.0026206535
0.0025996929
0.0025788894
0.002558237
0.0025377303
0.0025173643
0.0024971347
0.0024770375
0.002457069
0.0024372258
0.002417505
0.0023979036
0.0023784188
0.0023590482
0.0023397892
0.0023206396
0.0023015971
0.0022826596
0.0022638248
0.0022450908
0.0022264554
0.0022079168
0.002189473
0.0021711219
0.0021528617
0.0021346905
0.0021166064
0.0020986076
0.0020806923
0.0020628586
0.0020451047
0.0020274289
0.0020098294
0.0019923045
0.0019748525
0.0019574717
0.0019401604
0.001922917
0.00190574
0.0018886276
0.0018715784
0.0018545908
0.0018376633
0.0018207944
0.0018039827
0.0017872267
0.001770525
0.0017538763
0.0017372792
0.0017207323
0.0017042345
0.0016877844
0.0016713808
0.0016550224
0.0016387081
0.0016224367
0.0016062072
0.0015900182
0.0015738689
0.0015577581
0.0015416848
0.001525648
0.0015096467
0.00149368
0.0014777468
0.0014618464
0.0014459777
0.0014301399
0.0014143323
0.0013985539
0.0013828039
0.0013670816
0.0013513861
0.0013357168
0.001320073
0.0013044538
0.0012888586
0.0012732869
0.0012577378
0.0012422107
0.0012267051
0.0012112203
0.0011957558
0.001180311
0.0011648852
0.0011494781
0.001134089
0.0011187175
0.001103363
0.001088025
0.0010727032
0.001057397
0.0010421059
0.0010268296
0.0010115677
0.00099631966
0.00098108516
0.00096586379
0.00095065517
0.00093545896
0.00092027478
0.00090510229
0.00088994115
0.00087479105
0.00085965166
0.00084452267
0.00082940379
0.00081429472
0.00079919517
0.00078410488
0.00076902358
0.00075395101
0.00073888691
0.00072383104
0.00070878316
0.00069374304
0.00067871045
0.00066368519
0.00064866703
0.00063365576
0.0006186512
0.00060365314
0.0005886614
0.00057367579
0.00055869613
0.00054372225
0.00052875399
0.00051379117
0.00049883365
0.00048388126
0.00046893387
0.00045399131
0.00043905346
0.00042412017
0.00040919132
0.00039426676
0.00037934639
0.00036443007
0.0003495177
0.00033460914
0.0003197043
0.00030480307
0.00028990533
0.000275011
0.00026011997
0.00024523215
0.00023034744
0.00021546576
0.00020058703
0.00018571116
0.00017083807
0.00015596769
0.00014109994
0.00012623478
0.00011137213
9.6511954e-05
8.1654207e-05
6.6798875e-05
5.1946002e-05
3.7095453e-05
2.2246198e-05
7.3992841e-06
0.0020025015
0.0021174456
0.0023113865
0.0025323348
0.0027371772
0.0029056252
0.0030322934
0.0031205094
0.0031770131
0.0032090666
0.0032229902
0.0032238477
0.0032154991
0.0032007925
0.0031817864
0.0031599473
0.0031363084
0.0031115898
0.0030862889
0.0030607442
0.003035183
0.0030097539
0.0029845505
0.0029596282
0.0029350163
0.0029107264
0.0028867586
0.0028631053
0.0028397546
0.0028166922
0.0027939026
0.0027713702
0.0027490798
0.0027270172
0.002705169
0.0026835231
0.0026620684
0.002640795
0.0026196941
0.0025987577
0.0025779786
0.0025573507
0.0025368683
0.0025165264
0.0024963204
0.0024762463
0.0024563004
0.0024364792
0.0024167798
0.0023971991
0.0023777345
0.0023583834
0.0023391435
0.0023200123
0.0023009877
0.0022820674
0.0022632495
0.0022445317
0.0022259122
0.002207389
0.00218896
0.0021706234
0.0021523773
0.0021342198
0.002116149
0.0020981631
0.0020802603
0.0020624388
0.0020446967
0.0020270325
0.0020094442
0.0019919302
0.0019744887
0.0019571182
0.001939817
0.0019225834
0.0019054158
0.0018883126
0.0018712724
0.0018542935
0.0018373744
0.0018205138
0.0018037101
0.0017869619
0.0017702678
0.0017536264
0.0017370365
0.0017204966
0.0017040055
0.001687562
0.0016711647
0.0016548126
0.0016385043
0.0016222388
0.0016060149
0.0015898316
0.0015736876
0.0015575821
0.0015415139
0.001525482
0.0015094855
0.0014935234
0.0014775948
0.0014616988
0.0014458344
0.0014300008
0.0014141971
0.0013984226
0.0013826765
0.0013669578
0.001351266
0.0013356002
0.0013199597
0.0013043439
0.0012887519
0.0012731832
0.0012576371
0.001242113
0.0012266103
0.0012111283
0.0011956664
0.0011802242
0.001164801
0.0011493963
0.0011340096
0.0011186404
0.0011032881
0.0010879524
0.0010726327
0.0010573285
0.0010420395
0.0010267651
0.0010115051
0.00099625886
0.00098102614
0.00096580649
0.00095059956
0.00093540497
0.00092022237
0.00090505141
0.00088989177
0.00087474311
0.00085960513
0.0008444775
0.00082935994
0.00081425216
0.00079915386
0.00078406478
0.00076898466
0.00075391323
0.00073885024
0.00072379544
0.00070874861
0.0006937095
0.0006786779
0.00066365359
0.00064863636
0.000633626
0.00061862231
0.0006036251
0.00058863418
0.00057364937
0.00055867049
0.00054369737
0.00052872984
0.00051376773
0.0004988109
0.00048385919
0.00046891244
0.00045397052
0.00043903328
0.00042410059
0.00040917231
0.00039424832
0.00037932849
0.0003644127
0.00034950083
0.00033459278
0.00031968842
0.00030478765
0.00028989038
0.00027499648
0.00026010588
0.00024521847
0.00023033417
0.00021545288
0.00020057452
0.00018569901
0.00017082627
0.00015595623
0.00014108881
0.00012622395
0.0001113616
9.6501697e-05
8.164422e-05
6.678917e-05
5.1936671e-05
3.7086812e-05
2.2238818e-05
7.3980729e-06
)
;

boundaryField
{
    inlet_drug
    {
        type            zeroGradient;
    }
    inlet_medium
    {
        type            zeroGradient;
    }
    outlet
    {
        type            fixedValue;
        value           uniform 0;
    }
    walls
    {
        type            zeroGradient;
    }
    floor
    {
        type            zeroGradient;
    }
    frontAndBack
    {
        type            empty;
    }
}


// ************************************************************************* //
