/*--------------------------------*- C++ -*----------------------------------*\
| =========                 |                                                 |
| \\      /  F ield         | OpenFOAM: The Open Source CFD Toolbox           |
|  \\    /   O peration     | Version:  2406                                  |
|   \\  /    A nd           | Website:  www.openfoam.com                      |
|    \\/     M anipulation  |                                                 |
\*---------------------------------------------------------------------------*/
FoamFile
{
    version     2.0;
    format      ascii;
    arch        "LSB;label=32;scalar=64";
    class       volScalarField;
    location    "784";
    object      T;
}
// * * * * * * * * * * * * * * * * * * * * * * * * * * * * * * * * * * * * * //

dimensions      [0 0 0 0 0 0 0];

internalField   nonuniform List<scalar> 
6000
(
1
1
1
1
1
1
1
1
1
1
1
1
1
1
1
1
1
1
1
1
1
1
1
1
1
1
1
1
1
1
1
1
1
1
1
1
1
1
1
1
1
1
1
1
1
1
1
1
1
1
1
1
1
1
1
1
1
1
1
1
1
1
1
1
1
1
1
1
1
1
1
1
1
1
1
1
1
1
1
1
1
1
1
1
1
1
1
1
1
1
1
1
1
1
1
1
1
1
1
1
1
1
1
1
1
1
1
1
1
1
1
1
1
1
1
1
1
1
1
1
1
1
1
1
1
1
1
1
1
1
1
1
1
1
1
1
1
1
1
1
1
1
1
1
1
1
1
1
1
1
1
1
1
1
1
1
1
1
1
1
1
1
1
1
1
1
1
1
1
1
1
1
1
1
1
1
1
1
1
1
1
1
1
1
1
1
1
1
1
1
1
1
1
1
1
1
1
1
1
1
1
1
1
1
1
1
1
1
1
1
1
1
1
1
1
1
1
1
1
1
1
1
1
1
1
1
1
1
1
1
1
1
1
1
1
1
1
1
1
1
1
1
1
1
1
1
1
1
1
1
1
1
1
1
1
1
1
1
1
1
1
1
1
1
1
1
1
1
1
1
1
1
1
1
1
1
1
1
1
1
1
1
1
1
1
1
1
1
1
1
1
1
1
1
1
1
1
1
1
1
1
1
1
1
1
1
1
1
1
1
1
1
1
1
1
1
1
1
1
1
1
1
1
1
1
1
1
1
1
1
1
1
1
1
1
1
1
1
1
1
1
1
1
1
1
1
1
1
1
1
1
1
1
1
1
1
1
1
1
1
1
1
1
1
1
1
1
1
1
1
1
1
1
1
1
1
1
1
1
1
1
1
1
1
1
1
1
1
1
1
1
1
1
1
1
1
1
1
1
1
1
1
1
1
1
1
1
1
1
1
1
1
1
1
1
1
1
1
1
1
1
1
1
1
1
1
1
1
1
1
1
1
1
1
1
1
1
1
1
1
1
1
1
1
1
1
1
1
1
1
1
1
1
1
1
1
1
1
1
1
1
1
1
1
1
1
1
1
1
1
1
1
1
1
1
1
1
1
1
1
1
1
1
1
1
1
1
1
1
1
1
1
1
1
1
1
1
1
1
1
1
1
1
1
1
1
1
1
1
1
1
1
1
1
1
1
1
1
1
1
1
1
1
1
1
1
1
1
1
1
1
1
1
1
1
1
1
1
1
1
1
1
1
1
1
1
1
1
1
1
1
1
1
1
1
1
1
1
1
1
1
1
1
1
1
1
1
1
1
1
1
1
1
1
1
1
1
1
1
1
1
1
1
1
1
1
1
1
1
1
1
1
1
1
1
1
1
1
1
1
1
1
1
1
1
1
1
1
1
1
1
1
1
1
1
1
1
1
1
1
1
1
1
1
1
1
1
1
1
1
1
1
1
1
1
1
1
1
1
1
1
1
1
1
1
1
1
1
1
1
1
1
1
1
1
1
1
1
1
1
1
1
1
1
1
1
1
1
1
1
1
1
1
1
1
1
1
1
1
1
1
1
1
1
1
1
1
1
1
1
1
1
1
1
1
1
1
1
1
1
1
1
1
1
1
1
1
1
1
1
1
1
1
1
1
1
1
1
1
1
1
1
1
1
1
1
1
1
1
1
1
1
1
1
1
1
1
1
1
1
1
1
1
1
1
1
1
1
1
1
1
1
1
1
1
1
1
1
1
1
1
1
1
1
1
1
1
1
1
1
1
1
1
1
1
1
1
1
1
1
1
1
1
1
1
1
1
1
1
1
1
1
1
1
1
1
1
1
1
1
1
1
1
1
1
1
1
1
1
1
1
1
1
1
1
1
1
1
1
1
1
1
1
1
1
1
1
1
1
1
1
1
1
1
1
1
1
1
1
1
1
1
1
1
1
1
1
1
1
1
1
1
1
1
1
1
1
1
1
1
1
1
1
1
1
1
1
1
1
1
1
1
1
1
1
1
1
1
1
1
1
1
1
1
1
1
1
1
1
1
1
1
1
1
1
1
1
1
1
1
1
1
1
1
1
1
1
1
1
1
1
1
1
1
1
1
1
1
1
1
1
1
1
1
1
1
1
1
1
1
1
1
1
1
1
1
1
1
1
1
1
1
1
1
1
1
1
1
1
1
1
1
1
1
1
1
1
1
1
1
1
1
1
1
1
1
1
1
1
1
1
1
1
1
1
1
1
1
1
1
1
1
1
1
1
1
1
1
1
1
1
1
1
1
1
1
1
1
1
1
1
1
1
1
1
1
1
1
1
1
1
1
1
1
1
1
1
1
1
1
1
1
1
1
1
1
1
1
1
1
1
1
1
1
1
1
1
1
1
1
1
1
1
1
1
1
1
1
1
1
1
1
1
1
1
1
1
1
1
1
1
1
1
1
1
1
1
1
1
1
1
1
1
1
1
1
1
1
1
1
1
1
1
1
1
1
1
1
1
1
1
1
1
1
1
1
1
1
1
1
1
1
1
1
1
1
1
1
1
1
1
1
1
1
1
1
1
1
1
1
1
1
1
1
1
1
1
1
1
1
1
1
1
1
1
1
1
1
1
1
1
1
1
1
1
1
1
1
1
1
1
1
1
1
1
1
1
1
1
1
1
1
1
1
1
1
1
1
1
1
1
1
1
1
1
1
1
1
1
1
1
1
1
1
1
1
1
1
1
1
1
1
1
1
1
1
1
1
1
1
1
1
1
1
1
1
1
1
1
1
1
1
1
1
1
1
1
1
1
1
1
1
1
1
1
1
1
1
1
1
1
1
1
1
1
1
1
1
1
1
1
1
1
1
1
1
1
1
1
1
1
1
1
1
1
1
1
1
1
1
1
1
1
1
1
1
1
1
1
1
1
1
1
1
1
1
1
1
1
1
1
1
1
1
1
1
1
1
1
1
1
1
1
1
1
1
1
1
1
1
1
1
1
1
1
1
1
1
1
1
1
1
1
1
1
1
1
1
1
1
1
1
1
1
1
1
1
1
1
1
1
1
1
1
1
1
1
1
1
1
1
1
1
1
1
1
1
1
1
1
1
1
1
1
1
1
1
1
1
1
1
1
1
1
1
1
1
1
1
1
1
1
1
1
1
1
1
1
1
1
1
1
1
1
1
1
1
1
1
1
1
1
1
1
1
1
1
1
1
1
1
1
1
1
1
1
1
1
1
1
1
1
1
1
1
1
1
1
1
1
1
1
1
1
1
1
1
1
1
1
1
1
1
1
1
1
1
1
1
1
1
1
1
1
1
1
1
1
1
1
1
1
1
1
1
1
1
1
1
1
1
1
1
1
1
1
1
1
1
1
1
1
1
1
1
1
1
1
1
1
1
1
1
1
1
1
1
1
1
1
1
1
1
1
1
1
1
1
1
1
1
1
1
1
1
1
1
1
1
1
1
1
1
1
1
1
1
1
1
1
1
1
1
1
1
1
1
1
1
1
1
1
1
1
1
1
1
1
1
1
1
1
1
1
1
1
1
1
1
1
1
1
1
1
1
1
1
1
1
1
1
1
1
1
1
1
1
1
1
1
1
1
1
1
1
1
1
1
1
1
1
1
1
1
1
1
1
1
1
1
1
1
1
1
1
1
1
1
1
1
1
1
1
1
1
1
1
1
1
1
1
1
1
1
1
1
1
1
1
1
1
1
1
1
1
1
1
1
1
1
1
1
1
1
1
1
1
1
1
1
1
1
1
1
1
1
1
1
1
1
1
1
1
1
1
1
1
1
1
1
1
1
1
1
1
1
1
1
1
1
1
1
1
1
1
1
1
1
1
1
1
1
1
1
1
1
1
1
1
1
1
1
1
1
1
1
1
1
1
1
1
1
1
1
1
1
1
1
1
1
1
1
1
1
1
1
1
1
1
1
1
1
1
1
1
1
1
1
1
1
1
1
1
1
1
1
1
1
1
1
1
1
1
1
1
1
1
1
1
1
1
1
1
1
1
1
1
1
1
1
1
1
1
1
1
1
1
1
1
1
1
1
1
1
1
1
1
1
1
1
1
1
1
1
1
1
1
1
1
1
1
1
1
1
1
1
1
1
1
1
1
1
1
1
1
1
1
1
1
1
1
1
1
1
1
1
1
1
1
1
1
1
1
1
1
1
1
1
1
1
1
1
1
1
1
1
1
1
1
1
1
1
1
1
1
1
1
1
1
1
1
1
1
1
1
1
1
1
1
1
1
1
1
1
1
1
1
1
1
1
1
1
1
1
1
1
1
1
1
1
1
1
1
1
1
1
1
1
1
1
1
1
1
1
1
1
1
1
1
1
1
1
1
1
1
1
1
1
1
1
1
1
1
1
1
1
1
1
1
1
1
1
1
1
1
1
1
1
1
1
1
1
1
1
1
1
1
1
1
1
1
1
1
1
1
1
1
1
1
1
1
1
1
1
1
1
1
1
1
1
1
1
1
1
1
1
1
1
1
1
1
1
1
1
1
1
1
1
1
1
1
1
1
1
1
1
1
1
1
1
1
1
1
1
1
1
1
1
1
1
1
1
1
1
1
1
1
1
1
1
1
1
1
1
1
1
1
1
1
1
1
1
1
1
1
1
1
1
1
1
1
1
1
1
1
1
1
1
1
1
1
1
1
1
1
1
1
1
1
1
1
1
1
1
1
1
1
1
1
1
1
1
1
1
1
1
1
1
1
1
1
1
1
1
1
1
1
1
1
1
1
1
1
1
1
1
1
1
1
1
1
1
1
1
1
1
1
1
1
1
1
1
1
1
1
1
1
1
1
1
1
1
1
1
1
1
1
1
1
1
1
1
1
1
1
1
1
1
1
1
1
1
1
1
1
1
1
1
1
1
1
1
1
1
1
1
1
1
1
1
1
1
1
1
1
1
1
1
1
1
1
1
1
1
1
1
1
1
1
1
1
1
1
1
1
1
1
1
1
1
1
1
1
1
1
1
1
1
1
1
1
1
1
1
1
1
1
1
1
1
1
1
1
1
1
1
1
1
1
1
1
1
1
1
1
1
1
1
1
1
1
1
1
1
1
1
1
1
1
1
1
1
1
1
1
1
1
1
1
1
1
1
1
1
1
1
1
1
1
1
1
1
1
1
1
1
1
1
1
1
1
1
1
1
1
1
1
1
1
1
1
1
1
1
1
1
1
1
1
1
1
1
1
1
1
1
1
1
1
1
1
1
1
1
1
1
1
1
1
1
1
1
1
1
1
1
1
1
1
1
1
1
1
1
1
1
1
1
1
1
1
1
1
1
1
1
1
1
1
1
1
1
1
1
1
1
1
1
1
1
1
1
1
1
1
1
1
1
1
1
1
1
1
1
1
1
1
1
1
1
1
1
1
1
1
1
1
1
1
1
1
1
1
1
1
1
1
1
1
1
1
1
1
1
1
1
1
1
1
1
1
1
1
1
1
1
1
1
1
1
1
1
1
1
1
1
1
1
1
1
1
1
1
1
1
1
1
1
1
1
1
1
1
1
1
1
1
1
1
1
1
1
1
1
1
1
1
1
1
1
1
1
1
1
1
1
1
1
1
1
1
1
1
1
1
1
1
1
1
1
1
1
1
1
1
1
1
1
1
1
1
1
1
1
1
1
1
1
1
1
1
1
1
1
1
1
1
1
1
1
1
1
1
1
1
1
1
1
1
1
1
1
1
1
1
1
1
1
1
1
1
1
1
1
1
1
1
1
1
1
1
1
1
1
1
1
0.99999999
0.99999999
0.99999999
0.99999999
0.99999999
0.99999999
0.99999999
0.99999999
0.99999999
0.99999999
0.99999999
0.99999999
0.99999999
0.99999999
0.99999999
0.99999999
0.99999999
0.99999999
0.99999999
0.99999999
0.99999999
0.99999999
0.99999999
0.99999999
0.99999999
0.99999999
0.99999999
0.99999999
0.99999999
0.99999999
0.99999999
0.99999999
0.99999999
0.99999999
0.99999999
0.99999999
0.99999999
0.99999999
0.99999999
0.99999999
0.99999999
0.99999999
0.99999999
0.99999999
0.99999999
0.99999999
0.99999999
0.99999999
0.99999999
0.99999999
0.99999999
0.99999999
0.99999999
0.99999999
0.99999999
0.99999999
0.99999999
0.99999998
0.99999998
0.99999998
0.99999998
0.99999998
0.99999998
0.99999998
0.99999998
0.99999998
0.99999998
0.99999998
0.99999998
0.99999998
0.99999998
0.99999998
0.99999998
0.99999998
1
0.99999999
0.99999999
0.99999998
0.99999998
0.99999997
0.99999997
0.99999996
0.99999995
0.99999994
0.99999993
0.99999992
0.99999991
0.99999989
0.99999988
0.99999987
0.99999985
0.99999984
0.99999982
0.99999981
0.99999979
0.99999978
0.99999976
0.99999974
0.99999972
0.99999971
0.99999969
0.99999967
0.99999965
0.99999963
0.99999961
0.99999959
0.99999957
0.99999954
0.99999952
0.9999995
0.99999948
0.99999945
0.99999943
0.9999994
0.99999938
0.99999935
0.99999933
0.9999993
0.99999927
0.99999925
0.99999922
0.99999919
0.99999916
0.99999913
0.9999991
0.99999907
0.99999904
0.99999901
0.99999898
0.99999894
0.99999891
0.99999888
0.99999884
0.99999881
0.99999877
0.99999874
0.9999987
0.99999866
0.99999863
0.99999859
0.99999855
0.99999851
0.99999847
0.99999843
0.99999839
0.99999835
0.99999831
0.99999827
0.99999822
0.99999818
0.99999814
0.99999809
0.99999805
0.999998
0.99999795
0.99999791
0.99999786
0.99999781
0.99999776
0.99999771
0.99999767
0.99999762
0.99999756
0.99999751
0.99999746
0.99999741
0.99999736
0.9999973
0.99999725
0.99999719
0.99999714
0.99999708
0.99999703
0.99999697
0.99999691
0.99999686
0.9999968
0.99999674
0.99999668
0.99999662
0.99999656
0.9999965
0.99999643
0.99999637
0.99999631
0.99999624
0.99999618
0.99999611
0.99999605
0.99999598
0.99999592
0.99999585
0.99999578
0.99999571
0.99999564
0.99999557
0.9999955
0.99999543
0.99999536
0.99999529
0.99999522
0.99999514
0.99999507
0.999995
0.99999492
0.99999485
0.99999477
0.99999469
0.99999462
0.99999454
0.99999446
0.99999438
0.9999943
0.99999422
0.99999414
0.99999406
0.99999398
0.9999939
0.99999381
0.99999373
0.99999365
0.99999356
0.99999348
0.99999339
0.9999933
0.99999322
0.99999313
0.99999304
0.99999295
0.99999286
0.99999277
0.99999268
0.99999259
0.9999925
0.99999241
0.99999231
0.99999222
0.99999213
0.99999203
0.99999194
0.99999184
0.99999174
0.99999165
0.99999155
0.99999145
0.99999135
0.99999125
0.99999115
0.99999105
0.99999095
0.99999085
0.99999075
0.99999065
0.99999054
0.99999044
0.99999033
0.99999023
0.99999012
0.99999002
0.99998991
0.9999898
0.99998969
0.99998959
0.99998948
0.99998937
0.99998926
0.99998915
0.99998903
0.99998892
0.99998881
0.9999887
0.99998858
0.99998847
0.99998835
0.99985688
0.99985198
0.99983461
0.99981328
0.99978968
0.9997644
0.99973801
0.99971094
0.99968349
0.99965586
0.99962818
0.99960058
0.99957314
0.99954591
0.99951894
0.99949225
0.99946587
0.99943981
0.99941405
0.99938859
0.99936343
0.99933854
0.99931391
0.99928952
0.99926535
0.99924139
0.99921761
0.999194
0.99917054
0.99914721
0.99912401
0.99910091
0.99907791
0.999055
0.99903216
0.99900938
0.99898666
0.998964
0.99894138
0.99891879
0.99889624
0.99887372
0.99885122
0.99882875
0.99880629
0.99878384
0.99876141
0.99873899
0.99871657
0.99869415
0.99867174
0.99864934
0.99862693
0.99860451
0.9985821
0.99855968
0.99853726
0.99851483
0.99849239
0.99846995
0.99844749
0.99842503
0.99840256
0.99838007
0.99835758
0.99833507
0.99831255
0.99829002
0.99826748
0.99824492
0.99822235
0.99819977
0.99817717
0.99815456
0.99813193
0.99810929
0.99808664
0.99806397
0.99804128
0.99801858
0.99799587
0.99797314
0.99795039
0.99792763
0.99790486
0.99788207
0.99785927
0.99783645
0.99781361
0.99779076
0.9977679
0.99774502
0.99772213
0.99769922
0.9976763
0.99765336
0.99763042
0.99760745
0.99758447
0.99756148
0.99753848
0.99751546
0.99749243
0.99746939
0.99744633
0.99742326
0.99740018
0.99737708
0.99735397
0.99733085
0.99730772
0.99728458
0.99726143
0.99723826
0.99721508
0.99719189
0.9971687
0.99714549
0.99712227
0.99709904
0.9970758
0.99705254
0.99702928
0.99700601
0.99698273
0.99695945
0.99693615
0.99691284
0.99688953
0.9968662
0.99684287
0.99681953
0.99679618
0.99677283
0.99674946
0.99672609
0.99670271
0.99667932
0.99665593
0.99663253
0.99660912
0.99658571
0.99656229
0.99653886
0.99651543
0.99649199
0.99646855
0.9964451
0.99642164
0.99639818
0.99637472
0.99635125
0.99632777
0.99630429
0.9962808
0.99625731
0.99623382
0.99621032
0.99618682
0.99616331
0.9961398
0.99611628
0.99609276
0.99606924
0.99604572
0.99602219
0.99599865
0.99597512
0.99595158
0.99592804
0.99590449
0.99588095
0.9958574
0.99583385
0.99581029
0.99578674
0.99576318
0.99573962
0.99571605
0.99569249
0.99566892
0.99564535
0.99562178
0.99559821
0.99557464
0.99555106
0.99552749
0.99550391
0.99548033
0.99545675
0.99543317
0.99540959
0.99538601
0.99536243
0.99533885
0.99531526
0.99529168
0.99526809
0.99524451
0.99522092
0.00014312037
0.00014802225
0.00016539336
0.00018671888
0.00021032103
0.00023559678
0.00026199108
0.00028905952
0.00031651015
0.00034414558
0.00037181919
0.00039942008
0.00042686567
0.00045409544
0.00048106631
0.00050774969
0.00053412895
0.00056019729
0.00058595576
0.00061141152
0.00063657626
0.00066146496
0.00068609471
0.00071048382
0.00073465112
0.00075861537
0.00078239486
0.0008060071
0.00082946865
0.00085279497
0.0008760004
0.00089909808
0.00092210006
0.00094501726
0.00096785959
0.00099063597
0.0010133545
0.0010360223
0.0010586459
0.0010812313
0.0011037835
0.0011263072
0.0011488068
0.0011712859
0.001193748
0.0012161961
0.001238633
0.0012610611
0.0012834828
0.0013059001
0.0013283148
0.0013507287
0.0013731433
0.00139556
0.0014179801
0.0014404048
0.0014628352
0.0014852723
0.0015077169
0.0015301701
0.0015526324
0.0015751048
0.0015975877
0.0016200819
0.0016425879
0.0016651063
0.0016876374
0.0017101818
0.0017327399
0.0017553121
0.0017778986
0.0018004999
0.0018231161
0.0018457477
0.0018683948
0.0018910576
0.0019137364
0.0019364313
0.0019591426
0.0019818703
0.0020046146
0.0020273757
0.0020501537
0.0020729486
0.0020957606
0.0021185897
0.0021414361
0.0021642999
0.002187181
0.0022100795
0.0022329956
0.0022559293
0.0022788806
0.0023018496
0.0023248363
0.0023478408
0.0023708632
0.0023939035
0.0024169617
0.002440038
0.0024631323
0.0024862448
0.0025093756
0.0025325247
0.0025556921
0.0025788781
0.0026020826
0.0026253058
0.0026485479
0.0026718088
0.0026950889
0.0027183881
0.0027417066
0.0027650447
0.0027884025
0.0028117801
0.0028351778
0.0028585957
0.0028820341
0.0029054933
0.0029289734
0.0029524747
0.0029759975
0.0029995421
0.0030231088
0.0030466978
0.0030703096
0.0030939444
0.0031176027
0.0031412848
0.003164991
0.0031887219
0.0032124778
0.0032362592
0.0032600664
0.0032839001
0.0033077606
0.0033316485
0.0033555642
0.0033795084
0.0034034816
0.0034274843
0.003451517
0.0034755805
0.0034996753
0.0035238019
0.0035479611
0.0035721535
0.0035963797
0.0036206404
0.0036449363
0.003669268
0.0036936363
0.0037180419
0.0037424854
0.0037669676
0.0037914891
0.0038160508
0.0038406533
0.0038652974
0.0038899838
0.0039147132
0.0039394864
0.003964304
0.0039891668
0.0040140754
0.0040390306
0.0040640331
0.0040890835
0.0041141825
0.0041393307
0.0041645287
0.0041897771
0.0042150766
0.0042404276
0.0042658307
0.0042912864
0.0043167952
0.0043423574
0.0043679734
0.0043936437
0.0044193684
0.004445148
0.0044709824
0.004496872
0.0045228167
0.0045488166
0.0045748716
0.0046009814
0.0046271457
0.0046533641
0.0046796359
0.0047059602
0.004732336
0.0047587617
0.0047852356
0.0048117554
0.0048383179
0.0048649216
0.0048915531
3.3368049e-09
6.8980741e-09
1.100879e-08
1.575681e-08
2.1211694e-08
2.7449732e-08
3.4509009e-08
4.2392414e-08
5.1087565e-08
6.0572848e-08
7.0818257e-08
8.178815e-08
9.3444402e-08
1.0574862e-07
1.1866377e-07
1.3215548e-07
1.4619293e-07
1.6074936e-07
1.758022e-07
1.9133307e-07
2.0732748e-07
2.2377449e-07
2.4066628e-07
2.5799773e-07
2.7576593e-07
2.9396982e-07
3.1260979e-07
3.3168738e-07
3.5120497e-07
3.7116557e-07
3.915726e-07
4.1242979e-07
4.3374098e-07
4.555101e-07
4.7774107e-07
5.0043772e-07
5.236038e-07
5.4724293e-07
5.7135861e-07
5.9595418e-07
6.2103284e-07
6.4659765e-07
6.7265155e-07
6.9919732e-07
7.2623765e-07
7.5377511e-07
7.8181218e-07
8.1035123e-07
8.3939457e-07
8.6894441e-07
8.9900292e-07
9.295722e-07
9.6065427e-07
9.9225113e-07
1.0243647e-06
1.056997e-06
1.0901497e-06
1.1238248e-06
1.1580239e-06
1.192749e-06
1.2280017e-06
1.2637837e-06
1.3000967e-06
1.3369423e-06
1.3743222e-06
1.4122379e-06
1.450691e-06
1.4896831e-06
1.5292156e-06
1.56929e-06
1.6099079e-06
1.6510705e-06
1.6927794e-06
1.735036e-06
1.7778414e-06
1.8211972e-06
1.8651045e-06
1.9095647e-06
1.954579e-06
2.0001486e-06
2.0462748e-06
2.0929586e-06
2.1402012e-06
2.1880038e-06
2.2363674e-06
2.2852931e-06
2.3347819e-06
2.3848349e-06
2.4354531e-06
2.4866374e-06
2.5383887e-06
2.590708e-06
2.6435962e-06
2.6970542e-06
2.7510828e-06
2.8056829e-06
2.8608552e-06
2.9166006e-06
2.9729199e-06
3.0298138e-06
3.087283e-06
3.1453283e-06
3.2039504e-06
3.2631499e-06
3.3229276e-06
3.3832841e-06
3.44422e-06
3.505736e-06
3.5678327e-06
3.6305107e-06
3.6937706e-06
3.757613e-06
3.8220383e-06
3.8870473e-06
3.9526405e-06
4.0188183e-06
4.0855813e-06
4.1529302e-06
4.2208653e-06
4.2893871e-06
4.3584963e-06
4.4281933e-06
4.4984786e-06
4.5693528e-06
4.6408162e-06
4.7128695e-06
4.785513e-06
4.8587474e-06
4.9325731e-06
5.0069905e-06
5.0820003e-06
5.1576028e-06
5.2337987e-06
5.3105884e-06
5.3879724e-06
5.4659513e-06
5.5445255e-06
5.6236956e-06
5.7034622e-06
5.7838258e-06
5.864787e-06
5.9463463e-06
6.0285043e-06
6.1112615e-06
6.1946187e-06
6.2785763e-06
6.3631351e-06
6.4482956e-06
6.5340586e-06
6.6204245e-06
6.7073942e-06
6.7949684e-06
6.8831476e-06
6.9719327e-06
7.0613244e-06
7.1513234e-06
7.2419305e-06
7.3331464e-06
7.4249721e-06
7.5174082e-06
7.6104557e-06
7.7041153e-06
7.7983879e-06
7.8932745e-06
7.9887759e-06
8.084893e-06
8.1816268e-06
8.2789782e-06
8.3769481e-06
8.4755377e-06
8.5747478e-06
8.6745794e-06
8.7750336e-06
8.8761115e-06
8.977814e-06
9.0801423e-06
9.1830974e-06
9.2866805e-06
9.3908925e-06
9.4957346e-06
9.601208e-06
9.7073137e-06
9.8140529e-06
9.9214266e-06
1.0029436e-05
1.0138082e-05
1.0247367e-05
1.035729e-05
1.0467853e-05
1.0579058e-05
1.0690905e-05
1.0803395e-05
1.091653e-05
1.103031e-05
1.1144736e-05
1.125981e-05
1.1375531e-05
1.1491902e-05
1.160892e-05
1.17266e-05
7.9300569e-14
2.4120004e-13
5.0480589e-13
8.921319e-13
1.4263383e-12
2.1328861e-12
3.0374941e-12
4.164151e-12
5.5346797e-12
7.1684703e-12
9.0821075e-12
1.1289332e-11
1.3801324e-11
1.6627108e-11
1.9774016e-11
2.324817e-11
2.705495e-11
3.1199408e-11
3.5686601e-11
4.052185e-11
4.5710929e-11
5.126018e-11
5.7176578e-11
6.3467754e-11
7.014198e-11
7.720814e-11
8.4675681e-11
9.2554558e-11
1.0085518e-10
1.0958835e-10
1.1876521e-10
1.283972e-10
1.38496e-10
1.4907352e-10
1.6014182e-10
1.7171313e-10
1.837998e-10
1.9641428e-10
2.0956913e-10
2.2327698e-10
2.3755053e-10
2.5240254e-10
2.6784585e-10
2.8389334e-10
3.0055795e-10
3.1785267e-10
3.3579055e-10
3.5438468e-10
3.7364821e-10
3.9359436e-10
4.1423638e-10
4.3558758e-10
4.5766133e-10
4.8047107e-10
5.0403026e-10
5.2835246e-10
5.5345126e-10
5.793403e-10
6.060333e-10
6.3354402e-10
6.6188628e-10
6.9107395e-10
7.2112096e-10
7.5204129e-10
7.8384896e-10
8.1655807e-10
8.5018273e-10
8.8473713e-10
9.2023548e-10
9.5669206e-10
9.9412117e-10
1.0325372e-09
1.0719544e-09
1.1123874e-09
1.1538505e-09
1.1963583e-09
1.2399253e-09
1.284566e-09
1.3302951e-09
1.3771272e-09
1.425077e-09
1.474159e-09
1.5243881e-09
1.5757789e-09
1.6283462e-09
1.6821047e-09
1.7370693e-09
1.7932548e-09
1.8506759e-09
1.9093475e-09
1.9692845e-09
2.0305017e-09
2.093014e-09
2.1568363e-09
2.2219834e-09
2.2884704e-09
2.3563121e-09
2.4255234e-09
2.4961193e-09
2.5681146e-09
2.6415244e-09
2.7163636e-09
2.7926471e-09
2.8703899e-09
2.949607e-09
3.0303132e-09
3.1125236e-09
3.1962531e-09
3.2815167e-09
3.3683293e-09
3.4567059e-09
3.5466615e-09
3.6382109e-09
3.7313692e-09
3.8261514e-09
3.9225723e-09
4.0206469e-09
4.1203901e-09
4.221817e-09
4.3249424e-09
4.4297814e-09
4.5363487e-09
4.6446594e-09
4.7547284e-09
4.8665706e-09
4.980201e-09
5.0956344e-09
5.2128859e-09
5.3319702e-09
5.4529024e-09
5.5756973e-09
5.7003699e-09
5.8269351e-09
5.9554077e-09
6.0858027e-09
6.2181351e-09
6.3524197e-09
6.4886713e-09
6.6269051e-09
6.7671357e-09
6.9093783e-09
7.0536476e-09
7.1999586e-09
7.3483262e-09
7.4987653e-09
7.6512909e-09
7.8059178e-09
7.9626611e-09
8.1215357e-09
8.2825565e-09
8.4457384e-09
8.6110964e-09
8.7786455e-09
8.9484007e-09
9.1203769e-09
9.2945891e-09
9.4710524e-09
9.6497817e-09
9.8307921e-09
1.0014099e-08
1.0199716e-08
1.038766e-08
1.0577945e-08
1.0770587e-08
1.09656e-08
1.1162999e-08
1.13628e-08
1.1565019e-08
1.1769669e-08
1.1976766e-08
1.2186326e-08
1.2398363e-08
1.2612894e-08
1.2829932e-08
1.3049494e-08
1.3271595e-08
1.3496249e-08
1.3723473e-08
1.3953282e-08
1.418569e-08
1.4420714e-08
1.4658369e-08
1.489867e-08
1.5141633e-08
1.5387273e-08
1.5635606e-08
1.5886647e-08
1.6140411e-08
1.6396915e-08
1.6656172e-08
1.69182e-08
1.7183014e-08
1.7450628e-08
1.7721059e-08
1.7994322e-08
1.8270432e-08
1.8549405e-08
1.8831258e-08
1.9116001e-08
1.9403679e-08
1.8951839e-18
7.6280773e-18
1.9729412e-17
4.1445329e-17
7.6768449e-17
1.3052282e-16
2.0832598e-16
3.1643232e-16
4.6157434e-16
6.5081194e-16
8.913754e-16
1.1905303e-15
1.5554865e-15
1.9933498e-15
2.511109e-15
3.1156541e-15
3.8138173e-15
4.612428e-15
5.5183726e-15
6.5386549e-15
7.6804513e-15
8.9511592e-15
1.0358438e-14
1.1910239e-14
1.3614834e-14
1.5480828e-14
1.7517176e-14
1.9733186e-14
2.2138526e-14
2.4743223e-14
2.7557665e-14
3.0592595e-14
3.3859115e-14
3.7368675e-14
4.1133077e-14
4.5164467e-14
4.9475337e-14
5.4078519e-14
5.8987188e-14
6.4214856e-14
6.9775376e-14
7.5682939e-14
8.1952076e-14
8.8597656e-14
9.5634894e-14
1.0307934e-13
1.109469e-13
1.1925383e-13
1.280167e-13
1.3725248e-13
1.4697845e-13
1.5721228e-13
1.6797199e-13
1.7927593e-13
1.9114286e-13
2.0359188e-13
2.1664244e-13
2.303144e-13
2.4462796e-13
2.5960371e-13
2.7526261e-13
2.9162599e-13
3.0871556e-13
3.2655343e-13
3.4516207e-13
3.6456433e-13
3.8478347e-13
4.0584311e-13
4.2776727e-13
4.5058035e-13
4.7430713e-13
4.9897281e-13
5.2460294e-13
5.5122348e-13
5.7886078e-13
6.0754158e-13
6.3729301e-13
6.6814258e-13
7.0011822e-13
7.3324822e-13
7.6756129e-13
8.0308649e-13
8.3985333e-13
8.7789166e-13
9.1723174e-13
9.5790424e-13
9.9994019e-13
1.043371e-12
1.0882286e-12
1.1345451e-12
1.1823531e-12
1.2316857e-12
1.2825761e-12
1.3350583e-12
1.3891663e-12
1.4449348e-12
1.5023986e-12
1.561593e-12
1.6225539e-12
1.6853172e-12
1.7499195e-12
1.8163977e-12
1.8847889e-12
1.9551309e-12
2.0274616e-12
2.1018194e-12
2.1782432e-12
2.2567722e-12
2.3374458e-12
2.4203039e-12
2.505387e-12
2.5927357e-12
2.682391e-12
2.7743944e-12
2.8687878e-12
2.9656133e-12
3.0649136e-12
3.1667315e-12
3.2711104e-12
3.378094e-12
3.4877264e-12
3.600052e-12
3.7151157e-12
3.8329627e-12
3.9536386e-12
4.0771893e-12
4.203661e-12
4.3331006e-12
4.4655551e-12
4.6010719e-12
4.7396988e-12
4.881484e-12
5.0264761e-12
5.1747239e-12
5.3262767e-12
5.4811843e-12
5.6394965e-12
5.8012639e-12
5.9665371e-12
6.1353673e-12
6.307806e-12
6.4839051e-12
6.6637167e-12
6.8472935e-12
7.0346885e-12
7.225955e-12
7.4211467e-12
7.6203177e-12
7.8235224e-12
8.0308156e-12
8.2422525e-12
8.4578886e-12
8.6777799e-12
8.9019827e-12
9.1305535e-12
9.3635495e-12
9.6010279e-12
9.8430466e-12
1.0089664e-11
1.0340938e-11
1.0596928e-11
1.0857692e-11
1.1123292e-11
1.1393786e-11
1.1669235e-11
1.1949699e-11
1.223524e-11
1.252592e-11
1.28218e-11
1.3122942e-11
1.3429409e-11
1.3741263e-11
1.4058569e-11
1.438139e-11
1.470979e-11
1.5043833e-11
1.5383585e-11
1.572911e-11
1.6080474e-11
1.6437743e-11
1.6800984e-11
1.7170262e-11
1.7545646e-11
1.7927203e-11
1.8315e-11
1.8709105e-11
1.9109588e-11
1.9516516e-11
1.992996e-11
2.0349988e-11
2.0776671e-11
2.1210079e-11
2.1650283e-11
2.2097353e-11
2.2551361e-11
2.3012378e-11
2.3480476e-11
2.395573e-11
2.4438206e-11
2.492802e-11
4.5429092e-23
2.2829386e-22
7.0461845e-22
1.7174641e-21
3.6202602e-21
6.9023198e-21
1.220913e-20
2.0365802e-20
3.2368657e-20
4.9394256e-20
7.2790222e-20
1.0406433e-19
1.4487275e-19
1.9700997e-19
2.6240148e-19
3.4310042e-19
4.4128826e-19
5.5927914e-19
6.9952747e-19
8.6463767e-19
1.0573756e-18
1.2806808e-18
1.5376792e-18
1.8316958e-18
2.166267e-18
2.5451524e-18
2.9723465e-18
3.4520893e-18
3.9888768e-18
4.5874709e-18
5.2529087e-18
5.9905121e-18
6.805896e-18
7.7049776e-18
8.6939847e-18
9.7794642e-18
1.096829e-17
1.2267674e-17
1.368517e-17
1.5228686e-17
1.6906493e-17
1.872723e-17
2.0699919e-17
2.2833968e-17
2.5139184e-17
2.7625781e-17
3.0304391e-17
3.3186071e-17
3.6282315e-17
3.9605063e-17
4.3166712e-17
4.6980124e-17
5.1058639e-17
5.5416082e-17
6.0066778e-17
6.5025557e-17
7.0307769e-17
7.5929292e-17
8.1906544e-17
8.8256492e-17
9.4996664e-17
1.0214516e-16
1.0972066e-16
1.1774244e-16
1.2623038e-16
1.3520497e-16
1.4468732e-16
1.546992e-16
1.6526299e-16
1.7640175e-16
1.8813922e-16
2.0049978e-16
2.1350853e-16
2.2719126e-16
2.4157448e-16
2.566854e-16
2.7255198e-16
2.8920291e-16
3.0666764e-16
3.2497639e-16
3.4416013e-16
3.6425064e-16
3.8528049e-16
4.0728303e-16
4.3029245e-16
4.5434376e-16
4.7947281e-16
5.0571629e-16
5.3311174e-16
5.6169759e-16
5.9151311e-16
6.225985e-16
6.5499482e-16
6.8874406e-16
7.2388912e-16
7.6047382e-16
7.9854294e-16
8.3814218e-16
8.7931822e-16
9.2211869e-16
9.6659221e-16
1.0127884e-15
1.0607578e-15
1.1105521e-15
1.1622238e-15
1.2158267e-15
1.2714154e-15
1.3290456e-15
1.3887741e-15
1.4506589e-15
1.5147587e-15
1.5811337e-15
1.6498448e-15
1.7209544e-15
1.7945258e-15
1.8706233e-15
1.9493127e-15
2.0306605e-15
2.1147346e-15
2.2016042e-15
2.2913394e-15
2.3840115e-15
2.4796932e-15
2.5784581e-15
2.6803814e-15
2.7855391e-15
2.8940088e-15
3.005869e-15
3.1211996e-15
3.2400818e-15
3.3625981e-15
3.4888321e-15
3.6188687e-15
3.7527944e-15
3.8906965e-15
4.0326641e-15
4.1787873e-15
4.3291576e-15
4.4838679e-15
4.6430124e-15
4.8066867e-15
4.9749877e-15
5.1480138e-15
5.3258645e-15
5.5086412e-15
5.6964461e-15
5.8893833e-15
6.0875581e-15
6.2910771e-15
6.5000488e-15
6.7145826e-15
6.9347897e-15
7.1607828e-15
7.3926758e-15
7.6305843e-15
7.8746254e-15
8.1249176e-15
8.381581e-15
8.6447373e-15
8.9145094e-15
9.1910222e-15
9.4744018e-15
9.7647761e-15
1.0062274e-14
1.0367028e-14
1.0679168e-14
1.0998831e-14
1.1326151e-14
1.1661266e-14
1.2004314e-14
1.2355437e-14
1.2714777e-14
1.3082477e-14
1.3458684e-14
1.3843545e-14
1.4237208e-14
1.4639825e-14
1.5051547e-14
1.5472529e-14
1.5902927e-14
1.6342898e-14
1.6792602e-14
1.7252199e-14
1.7721852e-14
1.8201726e-14
1.8691987e-14
1.9192804e-14
1.9704345e-14
2.0226783e-14
2.076029e-14
2.1305043e-14
2.1861217e-14
2.2428993e-14
2.3008549e-14
2.3600068e-14
2.4203735e-14
2.4819735e-14
2.5448257e-14
2.6089487e-14
2.6743662e-14
1.0903297e-27
6.5800928e-27
2.3621243e-26
6.5505955e-26
1.5465446e-25
3.2644847e-25
2.9914917e-24
3.5087793e-24
4.3391989e-24
5.6183525e-24
7.519821e-24
1.0259913e-23
1.4081698e-23
1.9262256e-23
2.6136162e-23
3.5085499e-23
4.6542596e-23
6.0993228e-23
7.8980303e-23
1.0110808e-22
1.2804689e-22
1.605383e-22
1.9940074e-22
2.4553542e-22
2.999327e-22
3.6367862e-22
4.3796179e-22
5.2408042e-22
6.234497e-22
7.3760921e-22
8.6823071e-22
1.017126e-21
1.1862549e-21
1.3777339e-21
1.5938442e-21
1.8370407e-21
2.1099611e-21
2.4154346e-21
2.7564918e-21
3.1363739e-21
3.5585433e-21
4.0266929e-21
4.5447575e-21
5.1169238e-21
5.7476419e-21
6.4416364e-21
7.2039182e-21
8.0397964e-21
8.9548904e-21
9.9551427e-21
1.1046831e-20
1.2236584e-20
1.353139e-20
1.4938616e-20
1.6466018e-20
1.8121758e-20
1.9914416e-20
2.1853008e-20
2.3946999e-20
2.6206322e-20
2.8641387e-20
3.1263108e-20
3.4082907e-20
3.7112743e-20
4.0365121e-20
4.3853111e-20
4.759037e-20
5.1591153e-20
5.587034e-20
6.0443446e-20
6.5326647e-20
7.0536794e-20
7.6091437e-20
8.2008841e-20
8.8308008e-20
9.5008699e-20
1.0213145e-19
1.096976e-19
1.1772931e-19
1.2624958e-19
1.3528226e-19
1.4485212e-19
1.5498479e-19
1.6570689e-19
1.7704594e-19
1.8903047e-19
2.0169001e-19
2.1505508e-19
2.291573e-19
2.4402932e-19
2.5970491e-19
2.7621897e-19
2.9360752e-19
3.1190777e-19
3.3115814e-19
3.5139825e-19
3.7266898e-19
3.950125e-19
4.1847228e-19
4.430931e-19
4.6892112e-19
4.9600389e-19
5.2439035e-19
5.541309e-19
5.8527741e-19
6.1788324e-19
6.5200329e-19
6.8769399e-19
7.2501339e-19
7.6402114e-19
8.0477852e-19
8.4734851e-19
8.9179578e-19
9.3818675e-19
9.8658958e-19
1.0370743e-18
1.0897126e-18
1.1445782e-18
1.2017468e-18
1.2612956e-18
1.3233043e-18
1.3878542e-18
1.4550288e-18
1.5249135e-18
1.5975961e-18
1.6731661e-18
1.7517155e-18
1.8333383e-18
1.9181309e-18
2.0061917e-18
2.0976216e-18
2.1925239e-18
2.2910039e-18
2.3931697e-18
2.4991316e-18
2.6090025e-18
2.7228976e-18
2.840935e-18
2.9632351e-18
3.0899209e-18
3.2211183e-18
3.3569556e-18
3.497564e-18
3.6430776e-18
3.7936329e-18
3.9493697e-18
4.1104304e-18
4.2769604e-18
4.4491081e-18
4.6270248e-18
4.8108649e-18
5.0007861e-18
5.1969488e-18
5.3995168e-18
5.6086572e-18
5.8245402e-18
6.0473392e-18
6.2772312e-18
6.5143964e-18
6.7590184e-18
7.0112843e-18
7.2713846e-18
7.5395135e-18
7.8158688e-18
8.1006517e-18
8.3940672e-18
8.6963242e-18
9.007635e-18
9.328216e-18
9.6582874e-18
9.998073e-18
1.0347801e-17
1.0707703e-17
1.1078016e-17
1.1458978e-17
1.1850836e-17
1.2253836e-17
1.2668231e-17
1.3094279e-17
1.353224e-17
1.398238e-17
1.4444968e-17
1.4920279e-17
1.5408592e-17
1.5910191e-17
1.6425362e-17
1.6954398e-17
1.7497597e-17
1.8055261e-17
1.8627695e-17
1.9215211e-17
1.9818126e-17
2.0436761e-17
2.107144e-17
2.1722495e-17
2.2390263e-17
2.3075083e-17
2.3777303e-17
2.4497271e-17
2.5235381e-17
8.2350293e-31
1.68849e-29
1.2878656e-28
5.9974742e-28
2.0081208e-27
5.3284375e-27
3.6440075e-26
7.0259673e-26
1.0572733e-25
1.4043311e-25
1.6912632e-25
1.8182674e-25
1.8219264e-25
1.827002e-25
1.8326806e-25
1.8359599e-25
1.8380456e-25
1.8403054e-25
1.8442462e-25
1.8515036e-25
1.8638419e-25
1.8831636e-25
1.9115254e-25
1.9511614e-25
2.0045104e-25
2.0742468e-25
2.1633152e-25
2.2749669e-25
2.4127986e-25
2.5807936e-25
2.7833636e-25
3.025394e-25
3.312289e-25
3.6500207e-25
4.0451779e-25
4.5050191e-25
5.0375264e-25
5.6514621e-25
6.3564278e-25
7.1629262e-25
8.0824254e-25
9.1274262e-25
1.0311533e-24
1.1649525e-24
1.3157437e-24
1.4852634e-24
1.6753901e-24
1.8881524e-24
2.1257385e-24
2.3905053e-24
2.6849888e-24
3.0119137e-24
3.3742045e-24
3.7749964e-24
4.2176469e-24
4.7057478e-24
5.2431373e-24
5.8339132e-24
6.4824462e-24
7.1933936e-24
7.9717133e-24
8.8226793e-24
9.7518964e-24
1.0765316e-23
1.1869253e-23
1.3070402e-23
1.4375855e-23
1.579312e-23
1.7330136e-23
1.8995299e-23
2.0797474e-23
2.2746021e-23
2.4850811e-23
2.7122253e-23
2.9571309e-23
3.2209523e-23
3.5049042e-23
3.8102638e-23
4.1383733e-23
4.4906429e-23
4.8685525e-23
5.2736553e-23
5.7075796e-23
6.1720324e-23
6.6688016e-23
7.1997593e-23
7.7668646e-23
8.3721668e-23
9.0178084e-23
9.7060284e-23
1.0439165e-22
1.1219661e-22
1.2050064e-22
1.2933032e-22
1.3871337e-22
1.4867868e-22
1.5925635e-22
1.7047773e-22
1.8237544e-22
1.9498344e-22
2.0833706e-22
2.2247303e-22
2.3742953e-22
2.5324623e-22
2.6996434e-22
2.8762664e-22
3.0627756e-22
3.2596318e-22
3.4673131e-22
3.686315e-22
3.9171516e-22
4.1603554e-22
4.4164781e-22
4.686091e-22
4.9697856e-22
5.2681744e-22
5.5818908e-22
5.9115902e-22
6.2579505e-22
6.6216724e-22
7.0034801e-22
7.404122e-22
7.8243712e-22
8.2650262e-22
8.7269114e-22
9.2108777e-22
9.7178033e-22
1.0248594e-21
1.0804185e-21
1.1385539e-21
1.1993651e-21
1.2629544e-21
1.3294274e-21
1.3988928e-21
1.4714626e-21
1.5472522e-21
1.6263802e-21
1.7089691e-21
1.7951445e-21
1.885036e-21
1.9787766e-21
2.0765035e-21
2.1783574e-21
2.2844832e-21
2.3950298e-21
2.5101501e-21
2.6300014e-21
2.7547451e-21
2.8845473e-21
3.0195782e-21
3.1600128e-21
3.3060307e-21
3.4578163e-21
3.6155588e-21
3.7794523e-21
3.9496959e-21
4.1264941e-21
4.3100562e-21
4.5005972e-21
4.6983373e-21
4.9035023e-21
5.1163237e-21
5.3370387e-21
5.5658902e-21
5.8031273e-21
6.049005e-21
6.3037843e-21
6.567733e-21
6.8411246e-21
7.1242398e-21
7.4173653e-21
7.7207949e-21
8.0348292e-21
8.3597757e-21
8.695949e-21
9.0436709e-21
9.4032705e-21
9.7750845e-21
1.0159457e-20
1.055674e-20
1.0967293e-20
1.1391484e-20
1.1829688e-20
1.228229e-20
1.2749681e-20
1.3232263e-20
1.3730445e-20
1.4244644e-20
1.4775289e-20
1.5322814e-20
1.5887664e-20
1.6470295e-20
1.7071169e-20
1.7690759e-20
1.8329549e-20
1.898803e-20
1.9666705e-20
2.0366088e-20
2.10867e-20
2.1829094e-20
1.991201e-33
1.3094271e-31
1.7814646e-30
1.1951677e-29
5.1572407e-29
1.6395984e-28
9.4073448e-28
2.3526272e-27
4.2533898e-27
6.3933907e-27
8.4420093e-27
1.0041016e-26
1.1038001e-26
1.1455855e-26
1.1460358e-26
1.1464901e-26
1.1461116e-26
1.1428921e-26
1.1372561e-26
1.1296121e-26
1.1203407e-26
1.1097873e-26
1.0982587e-26
1.0860229e-26
1.07331e-26
1.0603154e-26
1.0472027e-26
1.034108e-26
1.0211429e-26
1.0083986e-26
9.9594917e-27
9.8385457e-27
9.7216344e-27
9.6091559e-27
9.501441e-27
9.3987721e-27
9.3013999e-27
9.2095569e-27
9.1234705e-27
9.0433732e-27
8.9695125e-27
8.9021593e-27
8.8416157e-27
8.7882217e-27
8.7423622e-27
8.7044729e-27
8.6750467e-27
8.6546392e-27
8.6438747e-27
8.6434524e-27
8.6541521e-27
8.6768405e-27
8.7124779e-27
8.7621246e-27
8.826948e-27
8.90823e-27
9.0073747e-27
9.1259162e-27
9.2655276e-27
9.4280295e-27
9.6153995e-27
9.8297823e-27
1.00735e-26
1.0349061e-26
1.0659177e-26
1.1006768e-26
1.1394978e-26
1.182719e-26
1.2307037e-26
1.2838416e-26
1.3425506e-26
1.4072781e-26
1.4785026e-26
1.5567357e-26
1.6425236e-26
1.736449e-26
1.839133e-26
1.9512373e-26
2.073466e-26
2.2065681e-26
2.3513393e-26
2.5086246e-26
2.6793208e-26
2.8643788e-26
3.0648064e-26
3.2816708e-26
3.5161015e-26
3.7692931e-26
4.0425085e-26
4.3370818e-26
4.6544215e-26
4.9960139e-26
5.3634264e-26
5.7583113e-26
6.1824089e-26
6.6375521e-26
7.1256693e-26
7.6487893e-26
8.2090447e-26
8.8086767e-26
9.4500392e-26
1.0135603e-25
1.0867962e-25
1.1649835e-25
1.2484075e-25
1.3373669e-25
1.4321747e-25
1.5331587e-25
1.6406619e-25
1.7550432e-25
1.876678e-25
2.0059584e-25
2.1432947e-25
2.2891149e-25
2.4438663e-25
2.6080158e-25
2.7820502e-25
2.9664777e-25
3.1618279e-25
3.3686531e-25
3.5875285e-25
3.8190534e-25
4.0638518e-25
4.3225732e-25
4.5958938e-25
4.8845166e-25
5.189173e-25
5.5106232e-25
5.8496576e-25
6.2070973e-25
6.5837951e-25
6.9806368e-25
7.3985417e-25
7.8384643e-25
8.3013946e-25
8.7883598e-25
9.300425e-25
9.8386943e-25
1.0404312e-24
1.0998465e-24
1.1622381e-24
1.2277333e-24
1.2964638e-24
1.368566e-24
1.4441811e-24
1.5234551e-24
1.6065391e-24
1.6935894e-24
1.7847675e-24
1.8802405e-24
1.9801809e-24
2.0847672e-24
2.1941836e-24
2.3086204e-24
2.4282742e-24
2.5533479e-24
2.6840509e-24
2.8205993e-24
2.9632163e-24
3.1121318e-24
3.2675832e-24
3.4298152e-24
3.5990801e-24
3.7756379e-24
3.9597567e-24
4.1517127e-24
4.3517903e-24
4.5602828e-24
4.7774919e-24
5.0037286e-24
5.2393127e-24
5.4845738e-24
5.7398508e-24
6.0054925e-24
6.2818579e-24
6.5693162e-24
6.868247e-24
7.1790409e-24
7.5020994e-24
7.8378351e-24
8.1866722e-24
8.5490468e-24
8.9254067e-24
9.3162123e-24
9.7219362e-24
1.0143064e-23
1.0580094e-23
1.1033539e-23
1.1503923e-23
1.1991787e-23
1.2497683e-23
1.302218e-23
1.356586e-23
1.412932e-23
1.4713174e-23
1.5318049e-23
1.594459e-23
1.6593458e-23
1.7265329e-23
1.7960901e-23
8.3979953e-36
1.8283068e-33
4.2989329e-32
4.0045737e-31
2.164139e-30
8.0824945e-30
4.2214233e-29
1.2291017e-28
2.5506215e-28
4.2812307e-28
6.1945246e-28
8.0155553e-28
9.5284879e-28
1.0620284e-27
1.1274152e-27
1.1535788e-27
1.1538593e-27
1.1541404e-27
1.1527872e-27
1.1490012e-27
1.1432204e-27
1.1358374e-27
1.1271973e-27
1.1175984e-27
1.1072945e-27
1.0964992e-27
1.0853899e-27
1.0741119e-27
1.0627829e-27
1.0514972e-27
1.040329e-27
1.0293358e-27
1.0185613e-27
1.0080378e-27
9.9778826e-28
9.8782826e-28
9.7816727e-28
9.6881003e-28
9.5975755e-28
9.5100796e-28
9.4255718e-28
9.3439953e-28
9.265281e-28
9.1893519e-28
9.1161255e-28
9.0455162e-28
8.977437e-28
8.9118009e-28
8.848522e-28
8.7875161e-28
8.7287013e-28
8.6719988e-28
8.6173324e-28
8.5646295e-28
8.5138207e-28
8.46484e-28
8.417625e-28
8.3721164e-28
8.3282586e-28
8.2859991e-28
8.2452889e-28
8.2060819e-28
8.1683356e-28
8.1320103e-28
8.0970695e-28
8.0634798e-28
8.0312108e-28
8.0002351e-28
7.9705283e-28
7.942069e-28
7.9148389e-28
7.8888226e-28
7.8640079e-28
7.8403857e-28
7.8179501e-28
7.7966983e-28
7.7766311e-28
7.7577525e-28
7.74007e-28
7.7235947e-28
7.7083417e-28
7.6943297e-28
7.6815814e-28
7.6701238e-28
7.6599881e-28
7.6512102e-28
7.6438304e-28
7.6378941e-28
7.6334518e-28
7.6305591e-28
7.6292774e-28
7.6296738e-28
7.6318215e-28
7.6358e-28
7.6416956e-28
7.6496013e-28
7.6596174e-28
7.6718521e-28
7.6864212e-28
7.7034489e-28
7.7230682e-28
7.7454212e-28
7.7706593e-28
7.798944e-28
7.8304473e-28
7.8653519e-28
7.903852e-28
7.9461534e-28
7.9924746e-28
8.043047e-28
8.0981153e-28
8.1579385e-28
8.2227903e-28
8.2929597e-28
8.3687518e-28
8.4504883e-28
8.5385084e-28
8.6331695e-28
8.7348478e-28
8.8439391e-28
8.96086e-28
9.0860482e-28
9.2199637e-28
9.3630896e-28
9.515933e-28
9.6790262e-28
9.8529272e-28
1.0038221e-27
1.0235521e-27
1.044547e-27
1.066874e-27
1.0906035e-27
1.1158092e-27
1.1425681e-27
1.1709608e-27
1.2010715e-27
1.2329881e-27
1.2668026e-27
1.3026109e-27
1.3405131e-27
1.3806137e-27
1.4230217e-27
1.4678508e-27
1.5152194e-27
1.565251e-27
1.6180744e-27
1.6738234e-27
1.7326377e-27
1.7946624e-27
1.8600488e-27
1.928954e-27
2.0015417e-27
2.0779818e-27
2.1584514e-27
2.243134e-27
2.3322207e-27
2.4259098e-27
2.5244073e-27
2.627927e-27
2.736691e-27
2.8509297e-27
2.9708821e-27
3.0967962e-27
3.2289291e-27
3.3675475e-27
3.5129278e-27
3.6653563e-27
3.82513e-27
3.9925563e-27
4.1679535e-27
4.3516516e-27
4.5439919e-27
4.7453278e-27
4.956025e-27
5.1764618e-27
5.4070296e-27
5.6481334e-27
5.9001917e-27
6.1636374e-27
6.4389177e-27
6.7264951e-27
7.0268473e-27
7.3404678e-27
7.6678665e-27
8.0095698e-27
8.3661213e-27
8.7380821e-27
9.1260316e-27
9.5305674e-27
9.9523061e-27
1.0391884e-26
1.0849957e-26
1.1327202e-26
1.1824315e-26
1.2342017e-26
1.2881046e-26
1.3442167e-26
1.4026165e-26
1.4633851e-26
1.5266047e-26
5.4151919e-38
4.7553297e-35
1.8436633e-33
2.2966696e-32
1.5082086e-31
6.4397901e-31
3.1858514e-30
1.0080505e-29
2.2902788e-29
4.1582282e-29
6.4354593e-29
8.8442399e-29
1.1107309e-28
1.3019535e-28
1.4472097e-28
1.5441134e-28
1.5964618e-28
1.6108654e-28
1.6111544e-28
1.6104167e-28
1.6065842e-28
1.6002687e-28
1.5919969e-28
1.5822162e-28
1.5713021e-28
1.5595661e-28
1.5472645e-28
1.5346057e-28
1.5217577e-28
1.5088542e-28
1.4960008e-28
1.4832797e-28
1.4707536e-28
1.4584696e-28
1.4464622e-28
1.4347555e-28
1.4233658e-28
1.4123024e-28
1.4015702e-28
1.3911696e-28
1.3810983e-28
1.3713519e-28
1.3619239e-28
1.3528069e-28
1.3439928e-28
1.3354726e-28
1.3272372e-28
1.3192775e-28
1.3115841e-28
1.304148e-28
1.2969602e-28
1.2900119e-28
1.2832946e-28
1.2768002e-28
1.2705208e-28
1.2644487e-28
1.2585765e-28
1.2528974e-28
1.2474044e-28
1.2420913e-28
1.2369516e-28
1.2319796e-28
1.2271695e-28
1.2225158e-28
1.2180132e-28
1.2136567e-28
1.2094415e-28
1.2053629e-28
1.2014164e-28
1.1975977e-28
1.1939026e-28
1.1903273e-28
1.1868677e-28
1.1835203e-28
1.1802814e-28
1.1771475e-28
1.1741155e-28
1.1711821e-28
1.1683441e-28
1.1655986e-28
1.1629428e-28
1.1603738e-28
1.157889e-28
1.1554857e-28
1.1531615e-28
1.150914e-28
1.1487408e-28
1.1466396e-28
1.1446083e-28
1.1426449e-28
1.1407471e-28
1.1389132e-28
1.1371412e-28
1.1354292e-28
1.1337756e-28
1.1321786e-28
1.1306366e-28
1.129148e-28
1.1277112e-28
1.1263249e-28
1.1249876e-28
1.1236979e-28
1.1224545e-28
1.1212562e-28
1.1201018e-28
1.1189902e-28
1.1179201e-28
1.1168905e-28
1.1159005e-28
1.1149491e-28
1.1140353e-28
1.1131582e-28
1.1123171e-28
1.111511e-28
1.1107394e-28
1.1100014e-28
1.1092964e-28
1.1086238e-28
1.107983e-28
1.1073735e-28
1.1067947e-28
1.1062462e-28
1.1057276e-28
1.1052386e-28
1.1047788e-28
1.1043479e-28
1.1039456e-28
1.1035719e-28
1.1032264e-28
1.1029093e-28
1.1026202e-28
1.1023593e-28
1.1021266e-28
1.1019222e-28
1.1017461e-28
1.1015986e-28
1.1014798e-28
1.1013902e-28
1.1013299e-28
1.1012994e-28
1.1012991e-28
1.1013296e-28
1.1013913e-28
1.1014849e-28
1.1016111e-28
1.1017706e-28
1.1019642e-28
1.1021928e-28
1.1024573e-28
1.1027587e-28
1.1030982e-28
1.1034768e-28
1.1038959e-28
1.1043566e-28
1.1048605e-28
1.105409e-28
1.1060037e-28
1.1066462e-28
1.1073383e-28
1.1080818e-28
1.1088788e-28
1.1097311e-28
1.1106411e-28
1.111611e-28
1.1126431e-28
1.1137399e-28
1.1149041e-28
1.1161385e-28
1.1174458e-28
1.1188291e-28
1.1202916e-28
1.1218365e-28
1.1234672e-28
1.1251873e-28
1.1270006e-28
1.128911e-28
1.1309225e-28
1.1330394e-28
1.1352661e-28
1.1376071e-28
1.1400673e-28
1.1426516e-28
1.1453653e-28
1.1482137e-28
1.1512023e-28
1.1543371e-28
1.1576241e-28
1.1610695e-28
1.1646799e-28
1.1684619e-28
1.1724227e-28
1.1765695e-28
1.1809097e-28
1.1854513e-28
1.1902022e-28
1.1951707e-28
1.2003655e-28
1.2057954e-28
1.2114697e-28
1.2173976e-28
1.6615653e-38
3.0851488e-36
1.7209409e-34
2.5956855e-33
1.9072435e-32
8.7138498e-32
4.0378992e-31
1.3015361e-30
3.0714857e-30
5.79128e-30
9.2762283e-30
1.3157155e-29
1.7017342e-29
2.050689e-29
2.33986e-29
2.5591417e-29
2.7084704e-29
2.7942533e-29
2.826647e-29
2.8270767e-29
2.8253866e-29
2.8193758e-29
2.8099879e-29
2.7980046e-29
2.7840684e-29
2.7687024e-29
2.7523301e-29
2.7352913e-29
2.7178566e-29
2.7002399e-29
2.6826085e-29
2.6650918e-29
2.6477889e-29
2.6307738e-29
2.6141011e-29
2.5978096e-29
2.5819256e-29
2.5664657e-29
2.551439e-29
2.5368486e-29
2.5226933e-29
2.5089684e-29
2.4956667e-29
2.4827795e-29
2.4702966e-29
2.4582072e-29
2.4464999e-29
2.435163e-29
2.424185e-29
2.4135543e-29
2.4032596e-29
2.3932899e-29
2.3836344e-29
2.3742826e-29
2.3652246e-29
2.3564506e-29
2.3479514e-29
2.3397181e-29
2.3317419e-29
2.3240146e-29
2.3165284e-29
2.3092754e-29
2.3022485e-29
2.2954405e-29
2.2888446e-29
2.2824543e-29
2.2762632e-29
2.2702652e-29
2.2644545e-29
2.2588254e-29
2.2533724e-29
2.2480902e-29
2.2429736e-29
2.2380177e-29
2.2332177e-29
2.228569e-29
2.2240671e-29
2.2197075e-29
2.2154861e-29
2.2113987e-29
2.2074415e-29
2.2036105e-29
2.1999021e-29
2.1963126e-29
2.1928384e-29
2.1894763e-29
2.1862229e-29
2.1830749e-29
2.1800294e-29
2.1770832e-29
2.1742334e-29
2.1714772e-29
2.1688119e-29
2.1662348e-29
2.1637432e-29
2.1613347e-29
2.1590068e-29
2.1567571e-29
2.1545834e-29
2.1524833e-29
2.1504549e-29
2.1484958e-29
2.1466042e-29
2.1447779e-29
2.1430151e-29
2.141314e-29
2.1396727e-29
2.1380894e-29
2.1365625e-29
2.1350902e-29
2.1336711e-29
2.1323035e-29
2.1309859e-29
2.1297168e-29
2.1284949e-29
2.1273187e-29
2.1261869e-29
2.1250982e-29
2.1240513e-29
2.1230451e-29
2.1220783e-29
2.1211497e-29
2.1202583e-29
2.1194029e-29
2.1185826e-29
2.1177963e-29
2.1170429e-29
2.1163216e-29
2.1156313e-29
2.1149713e-29
2.1143406e-29
2.1137383e-29
2.1131637e-29
2.1126159e-29
2.1120942e-29
2.1115977e-29
2.1111259e-29
2.1106779e-29
2.110253e-29
2.1098507e-29
2.1094702e-29
2.109111e-29
2.1087723e-29
2.1084537e-29
2.1081546e-29
2.1078744e-29
2.1076125e-29
2.1073685e-29
2.1071418e-29
2.106932e-29
2.1067386e-29
2.1065611e-29
2.1063991e-29
2.1062521e-29
2.1061198e-29
2.1060018e-29
2.1058975e-29
2.1058068e-29
2.1057292e-29
2.1056643e-29
2.1056119e-29
2.1055715e-29
2.105543e-29
2.1055259e-29
2.10552e-29
2.105525e-29
2.1055406e-29
2.1055666e-29
2.1056027e-29
2.1056487e-29
2.1057043e-29
2.1057693e-29
2.1058436e-29
2.1059268e-29
2.1060188e-29
2.1061194e-29
2.1062284e-29
2.1063457e-29
2.1064711e-29
2.1066044e-29
2.1067455e-29
2.1068942e-29
2.1070505e-29
2.1072141e-29
2.107385e-29
2.107563e-29
2.107748e-29
2.1079399e-29
2.1081387e-29
2.1083441e-29
2.1085561e-29
2.1087745e-29
2.1089992e-29
2.1092301e-29
2.1094667e-29
2.109709e-29
2.1099563e-29
2.1102081e-29
2.1104638e-29
2.1107212e-29
6.6398368e-34
3.8529586e-34
3.210221e-34
9.0048376e-34
4.9309123e-33
2.0843341e-32
8.5055008e-32
2.5954377e-31
5.995104e-31
1.1205476e-30
1.7895693e-30
2.5397712e-30
3.2953451e-30
3.9917595e-30
4.5857678e-30
5.0563497e-30
5.4004735e-30
5.6271718e-30
5.7521122e-30
5.7936118e-30
5.7944675e-30
5.7883997e-30
5.776449e-30
5.7600292e-30
5.7402738e-30
5.7180875e-30
5.6941886e-30
5.6691447e-30
5.6434016e-30
5.617307e-30
5.5911301e-30
5.5650771e-30
5.5393044e-30
5.5139282e-30
5.4890333e-30
5.4646801e-30
5.4409092e-30
5.4177464e-30
5.3952059e-30
5.373293e-30
5.3520064e-30
5.3313398e-30
5.3112834e-30
5.2918247e-30
5.2729498e-30
5.2546433e-30
5.2368894e-30
5.2196721e-30
5.2029753e-30
5.1867831e-30
5.1710798e-30
5.1558502e-30
5.1410798e-30
5.1267542e-30
5.1128597e-30
5.0993832e-30
5.0863119e-30
5.0736337e-30
5.0613369e-30
5.0494101e-30
5.0378425e-30
5.0266236e-30
5.0157434e-30
5.0051921e-30
4.9949604e-30
4.9850391e-30
4.9754196e-30
4.9660934e-30
4.9570521e-30
4.9482879e-30
4.939793e-30
4.9315599e-30
4.9235815e-30
4.9158505e-30
4.9083601e-30
4.9011037e-30
4.8940747e-30
4.8872669e-30
4.8806741e-30
4.8742904e-30
4.8681099e-30
4.862127e-30
4.8563362e-30
4.8507321e-30
4.8453095e-30
4.8400634e-30
4.8349888e-30
4.8300809e-30
4.825335e-30
4.8207467e-30
4.8163114e-30
4.8120248e-30
4.8078828e-30
4.8038813e-30
4.8000163e-30
4.796284e-30
4.7926806e-30
4.7892024e-30
4.7858459e-30
4.7826076e-30
4.7794842e-30
4.7764724e-30
4.7735691e-30
4.7707711e-30
4.7680754e-30
4.7654791e-30
4.7629793e-30
4.7605734e-30
4.7582586e-30
4.7560323e-30
4.753892e-30
4.7518352e-30
4.7498595e-30
4.7479625e-30
4.7461421e-30
4.744396e-30
4.7427221e-30
4.7411183e-30
4.7395825e-30
4.7381129e-30
4.7367075e-30
4.7353645e-30
4.734082e-30
4.7328583e-30
4.7316918e-30
4.7305808e-30
4.7295236e-30
4.7285187e-30
4.7275646e-30
4.7266599e-30
4.7258031e-30
4.7249928e-30
4.7242277e-30
4.7235065e-30
4.7228278e-30
4.7221906e-30
4.7215935e-30
4.7210354e-30
4.7205153e-30
4.7200319e-30
4.7195842e-30
4.7191712e-30
4.7187919e-30
4.7184453e-30
4.7181305e-30
4.7178465e-30
4.7175925e-30
4.7173676e-30
4.7171709e-30
4.7170016e-30
4.716859e-30
4.7167422e-30
4.7166505e-30
4.7165833e-30
4.7165397e-30
4.7165191e-30
4.7165208e-30
4.7165442e-30
4.7165887e-30
4.7166537e-30
4.7167385e-30
4.7168426e-30
4.7169654e-30
4.7171064e-30
4.7172651e-30
4.7174409e-30
4.7176334e-30
4.717842e-30
4.7180664e-30
4.718306e-30
4.7185605e-30
4.7188293e-30
4.7191121e-30
4.7194085e-30
4.719718e-30
4.7200404e-30
4.7203752e-30
4.720722e-30
4.7210805e-30
4.7214504e-30
4.7218314e-30
4.722223e-30
4.7226251e-30
4.7230371e-30
4.723459e-30
4.7238903e-30
4.7243307e-30
4.72478e-30
4.7252378e-30
4.7257038e-30
4.7261776e-30
4.7266588e-30
4.7271471e-30
4.7276417e-30
4.7281421e-30
4.728647e-30
4.7291551e-30
4.7296638e-30
4.7301703e-30
4.7306651e-30
2.0392839e-33
9.479549e-34
5.6359877e-34
7.2179382e-34
2.3200686e-33
8.0726104e-33
2.7530129e-32
7.4849994e-32
1.6041573e-31
2.844902e-31
4.3718275e-31
6.0301189e-31
7.6626203e-31
9.1459533e-31
1.0403895e-30
1.1404313e-30
1.2148307e-30
1.2657957e-30
1.2965999e-30
1.3108468e-30
1.312018e-30
1.3113958e-30
1.3098612e-30
1.3076443e-30
1.3049253e-30
1.3018452e-30
1.2985136e-30
1.2950159e-30
1.2914181e-30
1.2877708e-30
1.2841129e-30
1.2804737e-30
1.276875e-30
1.273333e-30
1.2698592e-30
1.2664617e-30
1.2631458e-30
1.2599147e-30
1.2567701e-30
1.2537125e-30
1.2507414e-30
1.2478559e-30
1.2450543e-30
1.242335e-30
1.2396959e-30
1.2371349e-30
1.2346498e-30
1.2322385e-30
1.2298988e-30
1.2276286e-30
1.2254258e-30
1.2232884e-30
1.2212146e-30
1.2192024e-30
1.2172502e-30
1.2153562e-30
1.2135187e-30
1.2117363e-30
1.2100074e-30
1.2083305e-30
1.2067044e-30
1.2051275e-30
1.2035987e-30
1.2021167e-30
1.2006803e-30
1.1992883e-30
1.1979396e-30
1.196633e-30
1.1953674e-30
1.194142e-30
1.1929555e-30
1.191807e-30
1.1906956e-30
1.1896203e-30
1.1885802e-30
1.1875743e-30
1.1866019e-30
1.185662e-30
1.1847538e-30
1.1838764e-30
1.1830292e-30
1.1822112e-30
1.1814217e-30
1.1806601e-30
1.1799255e-30
1.1792172e-30
1.1785346e-30
1.1778769e-30
1.1772435e-30
1.1766338e-30
1.1760471e-30
1.1754828e-30
1.1749403e-30
1.1744191e-30
1.1739184e-30
1.1734378e-30
1.1729768e-30
1.1725348e-30
1.1721112e-30
1.1717056e-30
1.1713175e-30
1.1709464e-30
1.1705919e-30
1.1702534e-30
1.1699306e-30
1.1696229e-30
1.1693301e-30
1.1690516e-30
1.168787e-30
1.1685361e-30
1.1682983e-30
1.1680734e-30
1.167861e-30
1.1676607e-30
1.1674722e-30
1.1672951e-30
1.1671291e-30
1.166974e-30
1.1668294e-30
1.166695e-30
1.1665705e-30
1.1664557e-30
1.1663502e-30
1.1662539e-30
1.1661664e-30
1.1660875e-30
1.166017e-30
1.1659545e-30
1.1659e-30
1.1658531e-30
1.1658137e-30
1.1657815e-30
1.1657563e-30
1.165738e-30
1.1657263e-30
1.165721e-30
1.165722e-30
1.1657291e-30
1.1657421e-30
1.1657608e-30
1.1657851e-30
1.1658148e-30
1.1658497e-30
1.1658898e-30
1.1659349e-30
1.1659847e-30
1.1660392e-30
1.1660983e-30
1.1661618e-30
1.1662296e-30
1.1663016e-30
1.1663776e-30
1.1664576e-30
1.1665413e-30
1.1666288e-30
1.1667199e-30
1.1668145e-30
1.1669125e-30
1.1670138e-30
1.1671183e-30
1.1672259e-30
1.1673366e-30
1.1674501e-30
1.1675666e-30
1.1676858e-30
1.1678077e-30
1.1679323e-30
1.1680594e-30
1.1681889e-30
1.1683209e-30
1.1684551e-30
1.1685917e-30
1.1687304e-30
1.1688713e-30
1.1690143e-30
1.1691593e-30
1.1693062e-30
1.169455e-30
1.1696057e-30
1.1697582e-30
1.1699124e-30
1.1700683e-30
1.1702258e-30
1.1703849e-30
1.1705456e-30
1.1707077e-30
1.1708713e-30
1.1710363e-30
1.1712026e-30
1.1713702e-30
1.171539e-30
1.171709e-30
1.1718801e-30
1.1720521e-30
1.1722249e-30
1.1723983e-30
1.1725717e-30
1.1727445e-30
1.1729155e-30
1.1730808e-30
2.1116253e-33
1.4038332e-33
7.0802687e-34
7.2382888e-34
2.1230185e-33
5.4042632e-33
1.3892303e-32
3.0755502e-32
5.7065395e-32
9.1210945e-32
1.2979532e-31
1.6901248e-31
2.0568647e-31
2.3772459e-31
2.641132e-31
2.8468125e-31
2.9980727e-31
3.1016424e-31
3.1653464e-31
3.1969362e-31
3.2034547e-31
3.2032511e-31
3.2021196e-31
3.2003094e-31
3.1980109e-31
3.1953695e-31
3.1924963e-31
3.189476e-31
3.1863729e-31
3.1832355e-31
3.1801004e-31
3.1769945e-31
3.1739375e-31
3.1709434e-31
3.1680221e-31
3.16518e-31
3.1624211e-31
3.1597476e-31
3.1571601e-31
3.1546584e-31
3.1522415e-31
3.149908e-31
3.1476559e-31
3.1454833e-31
3.143388e-31
3.1413679e-31
3.1394207e-31
3.1375444e-31
3.1357369e-31
3.1339961e-31
3.1323201e-31
3.1307072e-31
3.1291555e-31
3.1276634e-31
3.1262294e-31
3.1248519e-31
3.1235295e-31
3.1222608e-31
3.1210445e-31
3.1198793e-31
3.1187641e-31
3.1176975e-31
3.1166786e-31
3.1157061e-31
3.1147791e-31
3.1138965e-31
3.1130572e-31
3.1122603e-31
3.1115048e-31
3.1107898e-31
3.1101143e-31
3.1094775e-31
3.1088784e-31
3.1083162e-31
3.10779e-31
3.1072989e-31
3.1068422e-31
3.1064191e-31
3.1060287e-31
3.1056703e-31
3.105343e-31
3.1050462e-31
3.1047791e-31
3.104541e-31
3.1043312e-31
3.1041489e-31
3.1039936e-31
3.1038644e-31
3.1037609e-31
3.1036822e-31
3.1036278e-31
3.1035971e-31
3.1035895e-31
3.1036044e-31
3.1036411e-31
3.1036992e-31
3.1037781e-31
3.1038772e-31
3.1039961e-31
3.1041341e-31
3.1042908e-31
3.1044657e-31
3.1046584e-31
3.1048682e-31
3.1050949e-31
3.1053379e-31
3.1055968e-31
3.1058712e-31
3.1061606e-31
3.1064647e-31
3.1067831e-31
3.1071153e-31
3.107461e-31
3.1078198e-31
3.1081915e-31
3.1085755e-31
3.1089716e-31
3.1093795e-31
3.1097988e-31
3.1102292e-31
3.1106704e-31
3.1111222e-31
3.1115841e-31
3.112056e-31
3.1125376e-31
3.1130286e-31
3.1135287e-31
3.1140377e-31
3.1145553e-31
3.1150814e-31
3.1156156e-31
3.1161578e-31
3.1167076e-31
3.117265e-31
3.1178297e-31
3.1184015e-31
3.1189802e-31
3.1195655e-31
3.1201574e-31
3.1207557e-31
3.1213601e-31
3.1219704e-31
3.1225867e-31
3.1232085e-31
3.1238359e-31
3.1244686e-31
3.1251065e-31
3.1257495e-31
3.1263974e-31
3.1270501e-31
3.1277074e-31
3.1283692e-31
3.1290355e-31
3.129706e-31
3.1303806e-31
3.1310593e-31
3.1317419e-31
3.1324283e-31
3.1331184e-31
3.1338122e-31
3.1345094e-31
3.1352101e-31
3.135914e-31
3.1366212e-31
3.1373316e-31
3.1380449e-31
3.1387613e-31
3.1394805e-31
3.1402025e-31
3.1409273e-31
3.1416547e-31
3.1423847e-31
3.1431172e-31
3.1438522e-31
3.1445895e-31
3.1453291e-31
3.146071e-31
3.1468151e-31
3.1475613e-31
3.1483095e-31
3.1490598e-31
3.149812e-31
3.1505662e-31
3.1513221e-31
3.1520799e-31
3.1528393e-31
3.1536005e-31
3.1543633e-31
3.1551277e-31
3.1558935e-31
3.1566608e-31
3.1574295e-31
3.1581994e-31
3.1589704e-31
3.1597422e-31
3.1605144e-31
3.161286e-31
3.1620553e-31
3.162819e-31
3.163564e-31
3.0291745e-33
3.030022e-33
3.0308971e-33
3.0321217e-33
3.780917e-33
5.4123377e-33
1.3314987e-32
2.1115566e-32
3.0805566e-32
4.14985e-32
5.220217e-32
6.2116696e-32
7.0742878e-32
7.7864907e-32
8.3477277e-32
8.7703867e-32
9.0731939e-32
9.276692e-32
9.4005592e-32
9.4622653e-32
9.4765954e-32
9.4829865e-32
9.4893803e-32
9.4957825e-32
9.502197e-32
9.5086269e-32
9.5150745e-32
9.5215412e-32
9.5280281e-32
9.534536e-32
9.5410652e-32
9.5476159e-32
9.5541882e-32
9.5607819e-32
9.5673968e-32
9.5740327e-32
9.5806892e-32
9.5873659e-32
9.5940626e-32
9.6007787e-32
9.607514e-32
9.6142679e-32
9.6210401e-32
9.6278303e-32
9.6346379e-32
9.6414626e-32
9.6483041e-32
9.655162e-32
9.6620359e-32
9.6689254e-32
9.6758303e-32
9.6827501e-32
9.6896846e-32
9.6966334e-32
9.7035962e-32
9.7105728e-32
9.7175627e-32
9.7245658e-32
9.7315817e-32
9.7386101e-32
9.7456507e-32
9.7527034e-32
9.7597677e-32
9.7668436e-32
9.7739305e-32
9.7810285e-32
9.7881371e-32
9.7952561e-32
9.8023853e-32
9.8095245e-32
9.8166734e-32
9.8238318e-32
9.8309995e-32
9.8381762e-32
9.8453618e-32
9.852556e-32
9.8597586e-32
9.8669694e-32
9.8741882e-32
9.8814148e-32
9.8886491e-32
9.8958908e-32
9.9031397e-32
9.9103957e-32
9.9176587e-32
9.9249283e-32
9.9322045e-32
9.9394871e-32
9.9467759e-32
9.9540708e-32
9.9613716e-32
9.9686781e-32
9.9759903e-32
9.983308e-32
9.990631e-32
9.9979592e-32
1.0005292e-31
1.0012631e-31
1.0019974e-31
1.0027321e-31
1.0034674e-31
1.004203e-31
1.0049391e-31
1.0056757e-31
1.0064126e-31
1.0071499e-31
1.0078877e-31
1.0086258e-31
1.0093642e-31
1.0101031e-31
1.0108422e-31
1.0115818e-31
1.0123216e-31
1.0130618e-31
1.0138023e-31
1.0145431e-31
1.0152842e-31
1.0160256e-31
1.0167673e-31
1.0175092e-31
1.0182515e-31
1.0189939e-31
1.0197367e-31
1.0204797e-31
1.0212229e-31
1.0219664e-31
1.0227101e-31
1.023454e-31
1.0241981e-31
1.0249425e-31
1.025687e-31
1.0264318e-31
1.0271767e-31
1.0279219e-31
1.0286672e-31
1.0294127e-31
1.0301584e-31
1.0309043e-31
1.0316503e-31
1.0323965e-31
1.0331429e-31
1.0338894e-31
1.0346361e-31
1.0353829e-31
1.0361299e-31
1.036877e-31
1.0376242e-31
1.0383716e-31
1.0391191e-31
1.0398668e-31
1.0406145e-31
1.0413624e-31
1.0421104e-31
1.0428585e-31
1.0436068e-31
1.0443551e-31
1.0451036e-31
1.0458521e-31
1.0466008e-31
1.0473495e-31
1.0480984e-31
1.0488474e-31
1.0495964e-31
1.0503456e-31
1.0510948e-31
1.0518441e-31
1.0525935e-31
1.053343e-31
1.0540926e-31
1.0548423e-31
1.055592e-31
1.0563418e-31
1.0570917e-31
1.0578417e-31
1.0585917e-31
1.0593419e-31
1.060092e-31
1.0608423e-31
1.0615926e-31
1.062343e-31
1.0630934e-31
1.063844e-31
1.0645945e-31
1.0653452e-31
1.0660959e-31
1.0668466e-31
1.0675974e-31
1.0683483e-31
1.0690992e-31
1.0698502e-31
1.0706013e-31
1.0713524e-31
1.0721035e-31
1.0728547e-31
1.0736059e-31
1.0743572e-31
1.0751086e-31
1.07586e-31
1.0766114e-31
1.0773627e-31
)
;

boundaryField
{
    inlet_drug
    {
        type            fixedValue;
        value           uniform 1;
    }
    inlet_medium
    {
        type            fixedValue;
        value           uniform 0;
    }
    outlet
    {
        type            zeroGradient;
    }
    walls
    {
        type            zeroGradient;
    }
    floor
    {
        type            zeroGradient;
    }
    frontAndBack
    {
        type            empty;
    }
}


// ************************************************************************* //
