/*--------------------------------*- C++ -*----------------------------------*\
| =========                 |                                                 |
| \\      /  F ield         | OpenFOAM: The Open Source CFD Toolbox           |
|  \\    /   O peration     | Version:  2406                                  |
|   \\  /    A nd           | Website:  www.openfoam.com                      |
|    \\/     M anipulation  |                                                 |
\*---------------------------------------------------------------------------*/
FoamFile
{
    version     2.0;
    format      ascii;
    arch        "LSB;label=32;scalar=64";
    class       volScalarField;
    location    "819";
    object      T;
}
// * * * * * * * * * * * * * * * * * * * * * * * * * * * * * * * * * * * * * //

dimensions      [0 0 0 0 0 0 0];

internalField   nonuniform List<scalar> 
8000
(
1.2713065e-19
7.3482392e-19
3.0382902e-18
1.024472e-17
2.9670277e-17
7.5947354e-17
1.7528907e-16
3.7099372e-16
7.3025282e-16
1.3521761e-15
2.3768876e-15
3.9954817e-15
6.4605838e-15
1.0097267e-14
1.5314093e-14
2.2614079e-14
3.2605444e-14
4.6012026e-14
6.3683302e-14
8.6603992e-14
1.1590326e-13
1.528635e-13
1.9892883e-13
2.5571324e-13
3.2500848e-13
4.0879181e-13
5.0923356e-13
6.287045e-13
7.6978325e-13
9.352635e-13
1.1281613e-12
1.351722e-12
1.6094278e-12
1.9050046e-12
2.242429e-12
2.6259358e-12
3.0600246e-12
3.5494669e-12
4.0993133e-12
4.7149002e-12
5.4018569e-12
6.1661123e-12
7.0139014e-12
7.9517726e-12
8.9865941e-12
1.012556e-11
1.1376198e-11
1.2746375e-11
1.4244303e-11
1.5878546e-11
1.7658027e-11
1.9592032e-11
2.169022e-11
2.3962624e-11
2.6419661e-11
2.9072134e-11
3.1931242e-11
3.5008584e-11
3.8316162e-11
4.1866392e-11
4.5672103e-11
4.9746549e-11
5.4103408e-11
5.8756792e-11
6.372125e-11
6.9011775e-11
7.4643807e-11
8.0633236e-11
8.6996414e-11
9.3750154e-11
1.0091173e-10
1.0849891e-10
1.165299e-10
1.2502343e-10
1.3399868e-10
1.4347593e-10
1.5347549e-10
1.6401814e-10
1.7512516e-10
1.8681832e-10
1.9911995e-10
2.1205285e-10
2.2564038e-10
2.3990641e-10
2.5487532e-10
2.7057205e-10
2.8702207e-10
3.0425137e-10
3.2228652e-10
3.4115459e-10
3.6088323e-10
3.8150064e-10
4.0303555e-10
4.2551728e-10
4.489757e-10
4.7344123e-10
4.9894488e-10
5.2551822e-10
5.5319339e-10
5.8200312e-10
6.1198072e-10
6.4316007e-10
6.7557565e-10
7.0926253e-10
7.4425637e-10
7.8059343e-10
8.1831057e-10
8.5744526e-10
8.9803556e-10
9.4012016e-10
9.8373836e-10
1.0289301e-09
1.0757358e-09
1.1241967e-09
1.1743547e-09
1.226252e-09
1.2799317e-09
1.3354375e-09
1.3928138e-09
1.4521054e-09
1.513358e-09
1.5766177e-09
1.6419316e-09
1.7093473e-09
1.7789131e-09
1.8506778e-09
1.9246909e-09
2.0010024e-09
2.0796633e-09
2.1607249e-09
2.2442394e-09
2.3302595e-09
2.4188386e-09
2.5100309e-09
2.6038912e-09
2.7004748e-09
2.7998378e-09
2.902037e-09
3.0071299e-09
3.1151745e-09
3.2262297e-09
3.3403548e-09
3.4576101e-09
3.5780563e-09
3.701755e-09
3.8287683e-09
3.9591591e-09
4.0929909e-09
4.230328e-09
4.3712353e-09
4.5157783e-09
4.6640234e-09
4.8160375e-09
4.9718884e-09
5.1316444e-09
5.2953744e-09
5.4631484e-09
5.6350368e-09
5.8111107e-09
5.9914419e-09
6.176103e-09
6.3651672e-09
6.5587084e-09
6.7568012e-09
6.959521e-09
7.1669438e-09
7.3791463e-09
7.5962059e-09
7.8182008e-09
8.0452097e-09
8.2773123e-09
8.5145888e-09
8.75712e-09
9.0049877e-09
9.2582741e-09
9.5170624e-09
9.7814363e-09
1.005148e-08
1.0327279e-08
1.060892e-08
1.0896488e-08
1.1190071e-08
1.1489756e-08
1.1795634e-08
1.2107792e-08
1.2426321e-08
1.2751313e-08
1.3082858e-08
1.3421049e-08
1.3765978e-08
1.411774e-08
1.4476428e-08
1.4842139e-08
1.5214967e-08
1.5595009e-08
1.5982362e-08
1.6377124e-08
1.6779395e-08
1.7189268e-08
1.7605603e-08
4.2899803e-16
1.4735774e-15
3.7872398e-15
8.5109714e-15
1.7505886e-14
3.3591413e-14
6.0753478e-14
1.0436581e-13
1.714145e-13
2.707118e-13
4.1309441e-13
6.1159987e-13
8.8161578e-13
1.2409991e-12
1.7101652e-12
2.3121485e-12
3.0726363e-12
4.0199801e-12
5.1851879e-12
6.601901e-12
8.3063597e-12
1.033736e-11
1.2736209e-11
1.5546671e-11
1.8814919e-11
2.2589488e-11
2.6921225e-11
3.1863248e-11
3.7470904e-11
4.3801735e-11
5.0915442e-11
5.8873861e-11
6.7740933e-11
7.7582684e-11
8.8467205e-11
1.0046464e-10
1.1364714e-10
1.2808892e-10
1.4386617e-10
1.6105707e-10
1.7974181e-10
2.0000255e-10
2.219234e-10
2.4559045e-10
2.7109173e-10
2.9851722e-10
3.2795884e-10
3.595104e-10
3.9326768e-10
4.2932832e-10
4.6779189e-10
5.0875985e-10
5.5233552e-10
5.986241e-10
6.4773267e-10
6.9977014e-10
7.5484725e-10
8.1307661e-10
8.7457261e-10
9.3945148e-10
1.0078312e-09
1.0798317e-09
1.1555743e-09
1.2351826e-09
1.3187816e-09
1.4064982e-09
1.4984608e-09
1.5947999e-09
1.6956474e-09
1.801137e-09
1.9114041e-09
2.0265858e-09
2.1468208e-09
2.2722495e-09
2.4030139e-09
2.5392623e-09
2.6811704e-09
2.8288848e-09
2.9825535e-09
3.1423265e-09
3.3083553e-09
3.4807933e-09
3.659795e-09
3.845517e-09
4.0381171e-09
4.2377546e-09
4.4445905e-09
4.658787e-09
4.8805078e-09
5.1099182e-09
5.3471846e-09
5.5924751e-09
5.8459588e-09
6.1078065e-09
6.3781901e-09
6.6572831e-09
6.9452601e-09
7.2422972e-09
7.5485717e-09
7.8642624e-09
8.1895495e-09
8.5246143e-09
8.8696397e-09
9.2248098e-09
9.5903101e-09
9.9663275e-09
1.035305e-08
1.0750668e-08
1.1159372e-08
1.1579354e-08
1.2010809e-08
1.245393e-08
1.2908916e-08
1.3375963e-08
1.3855271e-08
1.4347041e-08
1.4851474e-08
1.5368774e-08
1.5899146e-08
1.6442794e-08
1.6999927e-08
1.7570753e-08
1.8155483e-08
1.8754334e-08
1.9367519e-08
1.9995251e-08
2.0637743e-08
2.1295212e-08
2.1967872e-08
2.2655942e-08
2.3359641e-08
2.4079188e-08
2.4814804e-08
2.556671e-08
2.633513e-08
2.7120289e-08
2.792241e-08
2.874172e-08
2.9578447e-08
3.0432819e-08
3.1305065e-08
3.2195415e-08
3.3104101e-08
3.4031356e-08
3.4977413e-08
3.5942506e-08
3.6926871e-08
3.7930744e-08
3.8954363e-08
3.9997966e-08
4.1061792e-08
4.2146082e-08
4.3251076e-08
4.4377018e-08
4.5524151e-08
4.6692718e-08
4.7882965e-08
4.9095138e-08
5.0329485e-08
5.1586254e-08
5.2865692e-08
5.4168049e-08
5.5493575e-08
5.6842523e-08
5.8215143e-08
5.9611689e-08
6.1032415e-08
6.2477575e-08
6.3947425e-08
6.5442222e-08
6.6962222e-08
6.8507684e-08
7.0078866e-08
7.1676029e-08
7.3299432e-08
7.4949338e-08
7.6626008e-08
7.8329705e-08
8.0060692e-08
8.1819234e-08
8.3605596e-08
8.5420044e-08
8.7262842e-08
8.913426e-08
9.1034563e-08
9.2964022e-08
9.4922908e-08
9.6911491e-08
9.8930044e-08
1.0097884e-07
1.0305814e-07
1.0516823e-07
1.0730938e-07
1.0948187e-07
1.1168597e-07
1.1392195e-07
1.1619009e-07
1.1849067e-07
1.2082397e-07
1.2318783e-07
1.8561548e-12
4.7346126e-12
8.7981102e-12
1.4568752e-11
2.2732909e-11
3.4101041e-11
4.9582473e-11
7.0184914e-11
9.7016258e-11
1.3128431e-10
1.742955e-10
2.2745189e-10
2.9224609e-10
3.7025441e-10
4.6312852e-10
5.7258623e-10
7.0040174e-10
8.4839575e-10
1.0184258e-09
1.2123768e-09
1.4321532e-09
1.6796702e-09
1.9568478e-09
2.2656047e-09
2.6078533e-09
2.9854955e-09
3.4004202e-09
3.8545004e-09
4.3495915e-09
4.8875307e-09
5.4701362e-09
6.0992067e-09
6.7765223e-09
7.5038445e-09
8.282917e-09
9.1154665e-09
1.0003204e-08
1.0947825e-08
1.195101e-08
1.301443e-08
1.4139739e-08
1.5328583e-08
1.6582598e-08
1.7903409e-08
1.9292631e-08
2.0751875e-08
2.2282741e-08
2.3886823e-08
2.5565708e-08
2.732098e-08
2.9154212e-08
3.1066976e-08
3.3060837e-08
3.5137355e-08
3.7298085e-08
3.9544579e-08
4.1878382e-08
4.4301036e-08
4.6814079e-08
4.9419043e-08
5.2117456e-08
5.4910843e-08
5.7800723e-08
6.0788612e-08
6.387602e-08
6.7064454e-08
7.0355416e-08
7.3750403e-08
7.7250908e-08
8.085842e-08
8.4574422e-08
8.8400393e-08
9.2337808e-08
9.6388137e-08
1.0055284e-07
1.0483339e-07
1.0923246e-07
1.1375246e-07
1.1839465e-07
1.2316035e-07
1.2805084e-07
1.3306744e-07
1.3821148e-07
1.4348427e-07
1.4888714e-07
1.5442142e-07
1.6008843e-07
1.6588949e-07
1.7182593e-07
1.7789906e-07
1.8411019e-07
1.9046063e-07
1.969517e-07
2.0358468e-07
2.1036087e-07
2.1728156e-07
2.2434805e-07
2.3156161e-07
2.3892353e-07
2.4643509e-07
2.5409756e-07
2.6191222e-07
2.6988035e-07
2.7800321e-07
2.8628208e-07
2.9471823e-07
3.0331293e-07
3.1206746e-07
3.209831e-07
3.300611e-07
3.3930276e-07
3.4870935e-07
3.5828214e-07
3.6802241e-07
3.7793145e-07
3.8801052e-07
3.982609e-07
4.0868388e-07
4.1928073e-07
4.3005272e-07
4.4100113e-07
4.5212723e-07
4.6343229e-07
4.749179e-07
4.8658529e-07
4.984357e-07
5.1047034e-07
5.2269045e-07
5.3509724e-07
5.476919e-07
5.6047567e-07
5.7344972e-07
5.8661527e-07
5.999735e-07
6.1352561e-07
6.2727277e-07
6.4121618e-07
6.5535701e-07
6.6969642e-07
6.8423559e-07
6.9897569e-07
7.1391786e-07
7.2906327e-07
7.4441307e-07
7.5996841e-07
7.7573042e-07
7.9170025e-07
8.0787903e-07
8.242679e-07
8.4086798e-07
8.5768039e-07
8.7470625e-07
8.9194667e-07
9.0940278e-07
9.2707566e-07
9.4496643e-07
9.6307621e-07
9.814061e-07
9.9995719e-07
1.0187306e-06
1.0377273e-06
1.0569485e-06
1.0763952e-06
1.0960685e-06
1.1159695e-06
1.1360992e-06
1.1564586e-06
1.1770488e-06
1.197871e-06
1.218926e-06
1.240215e-06
1.2617391e-06
1.2834991e-06
1.3054962e-06
1.3277315e-06
1.3502059e-06
1.3729204e-06
1.395876e-06
1.4190739e-06
1.4425149e-06
1.4662001e-06
1.4901305e-06
1.514307e-06
1.5387307e-06
1.5634024e-06
1.5883233e-06
1.6134944e-06
1.6389166e-06
1.6645909e-06
1.6905183e-06
1.7166997e-06
1.7431362e-06
1.7698286e-06
1.796778e-06
1.8239852e-06
1.8514512e-06
1.8791771e-06
1.9071636e-06
1.9354119e-06
1.9639046e-06
7.9332064e-09
1.5779708e-08
2.2525138e-08
2.8879548e-08
3.5469878e-08
4.2691125e-08
5.0782047e-08
5.9900487e-08
7.0164307e-08
8.1671727e-08
9.4511702e-08
1.0876882e-07
1.2452519e-07
1.4186081e-07
1.6085319e-07
1.8157667e-07
2.041017e-07
2.2849416e-07
2.548148e-07
2.8311888e-07
3.1345591e-07
3.4586957e-07
3.8039776e-07
4.1707276e-07
4.5592149e-07
4.969658e-07
5.4022286e-07
5.857056e-07
6.3342305e-07
6.8338084e-07
7.3558158e-07
7.9002528e-07
8.4670971e-07
9.0563079e-07
9.6678287e-07
1.0301591e-06
1.0957515e-06
1.1635516e-06
1.2335501e-06
1.3057376e-06
1.3801042e-06
1.4566402e-06
1.5353356e-06
1.6161809e-06
1.6991664e-06
1.7842827e-06
1.871521e-06
1.9608722e-06
2.0523281e-06
2.1458804e-06
2.2415214e-06
2.3392435e-06
2.4390397e-06
2.5409029e-06
2.6448268e-06
2.750805e-06
2.8588316e-06
2.9689007e-06
3.081007e-06
3.1951451e-06
3.3113099e-06
3.4294966e-06
3.5497005e-06
3.6719171e-06
3.7961419e-06
3.9223707e-06
4.0505993e-06
4.1808237e-06
4.3130401e-06
4.4472445e-06
4.5834331e-06
4.7216024e-06
4.8617487e-06
5.0038683e-06
5.1479578e-06
5.2940137e-06
5.4420319e-06
5.5921345e-06
5.7443023e-06
5.8985178e-06
6.0547656e-06
6.2130318e-06
6.3733037e-06
6.5355698e-06
6.6998193e-06
6.8660424e-06
7.0342296e-06
7.2043721e-06
7.3764617e-06
7.5504903e-06
7.7264502e-06
7.9043341e-06
8.0841349e-06
8.2658458e-06
8.4494601e-06
8.6349714e-06
8.8223735e-06
9.0116606e-06
9.2028269e-06
9.3958669e-06
9.5907753e-06
9.7875472e-06
9.9861778e-06
1.0186662e-05
1.0388997e-05
1.0593177e-05
1.07992e-05
1.100706e-05
1.1216756e-05
1.1428284e-05
1.1641641e-05
1.1856825e-05
1.2073832e-05
1.2292662e-05
1.2513311e-05
1.2735777e-05
1.2960059e-05
1.3186155e-05
1.3414063e-05
1.3643782e-05
1.387531e-05
1.4108646e-05
1.4343787e-05
1.4580742e-05
1.4819511e-05
1.5060089e-05
1.5302475e-05
1.5546665e-05
1.5792656e-05
1.6040446e-05
1.6290032e-05
1.654141e-05
1.6794579e-05
1.7049534e-05
1.7306274e-05
1.7564795e-05
1.7825095e-05
1.808717e-05
1.8351018e-05
1.8616636e-05
1.888402e-05
1.9153169e-05
1.942408e-05
1.9696749e-05
1.9971174e-05
2.0247351e-05
2.0525279e-05
2.0804954e-05
2.1086373e-05
2.1369534e-05
2.1654433e-05
2.1941069e-05
2.2229438e-05
2.2519538e-05
2.2811365e-05
2.3104917e-05
2.3400191e-05
2.3697186e-05
2.3995898e-05
2.4296325e-05
2.4598463e-05
2.4902311e-05
2.5207865e-05
2.5515122e-05
2.5824079e-05
2.6134734e-05
2.6447084e-05
2.6761127e-05
2.7076858e-05
2.7394277e-05
2.7713379e-05
2.8034163e-05
2.8356625e-05
2.8680763e-05
2.9006574e-05
2.9334056e-05
2.9663205e-05
2.999402e-05
3.0326496e-05
3.0660632e-05
3.0996425e-05
3.1333872e-05
3.1672969e-05
3.2013714e-05
3.2356104e-05
3.2700137e-05
3.3045812e-05
3.3393125e-05
3.3742074e-05
3.4092657e-05
3.444487e-05
3.479871e-05
3.5154176e-05
3.5511265e-05
3.5869973e-05
3.6230298e-05
3.6592238e-05
3.6955789e-05
3.7320951e-05
3.7687549e-05
3.2462997e-05
4.6729128e-05
5.0869062e-05
5.1083568e-05
5.0162249e-05
4.9159982e-05
4.8424095e-05
4.8040515e-05
4.8005088e-05
4.8287012e-05
4.8851612e-05
4.9667632e-05
5.0708815e-05
5.1953524e-05
5.3383867e-05
5.4984806e-05
5.6743421e-05
5.8648343e-05
6.0689344e-05
6.2857043e-05
6.5142707e-05
6.7538119e-05
7.0035487e-05
7.26274e-05
7.530679e-05
7.8066922e-05
8.0901386e-05
8.3804096e-05
8.6769289e-05
8.9791529e-05
9.2865703e-05
9.5987023e-05
9.9151017e-05
0.00010235353
0.00010559071
0.00010885899
0.00011215511
0.00011547607
0.0001188191
0.00012218172
0.00012556164
0.0001289568
0.00013236534
0.00013578557
0.00013921599
0.00014265523
0.00014610208
0.00014955547
0.00015301441
0.00015647806
0.00015994565
0.0001634165
0.00016689002
0.00017036569
0.00017384303
0.00017732165
0.00018080119
0.00018428133
0.0001877618
0.00019124237
0.00019472282
0.00019820298
0.0002016827
0.00020516184
0.00020864027
0.00021211791
0.00021559467
0.00021907047
0.00022254525
0.00022601895
0.00022949153
0.00023296296
0.00023643319
0.0002399022
0.00024336996
0.00024683646
0.00025030167
0.00025376763
0.00025723605
0.00026070626
0.00026417771
0.00026764992
0.00027112248
0.00027459506
0.00027806733
0.00028153906
0.00028501
0.00028847997
0.00029194878
0.00029541628
0.00029888235
0.00030234685
0.00030580968
0.00030927074
0.00031272996
0.00031618726
0.00031964257
0.00032309584
0.00032654703
0.00032999609
0.00033344299
0.00033688772
0.00034033026
0.00034377059
0.00034720871
0.00035064463
0.00035407836
0.00035750991
0.0003609393
0.00036436655
0.0003677917
0.00037121478
0.00037463582
0.00037805486
0.00038147195
0.00038488711
0.00038830041
0.00039171187
0.00039512155
0.00039852949
0.00040193574
0.00040534034
0.00040874332
0.0004121449
0.00041554515
0.00041894408
0.00042234171
0.00042573802
0.00042913302
0.00043252672
0.00043591911
0.00043931021
0.00044270001
0.00044608851
0.00044947571
0.00045286163
0.00045624626
0.0004596296
0.00046301166
0.00046639243
0.00046977192
0.00047315014
0.00047652707
0.00047990273
0.00048327712
0.00048665024
0.00049002208
0.00049339265
0.00049676196
0.00050013
0.00050349678
0.0005068623
0.00051022655
0.00051358955
0.00051695129
0.00052031177
0.00052367099
0.00052702899
0.00053038574
0.00053374126
0.00053709555
0.00054044859
0.0005438004
0.00054715097
0.0005505003
0.0005538484
0.00055719526
0.00056054089
0.00056388528
0.00056722844
0.00057057037
0.00057391106
0.00057725053
0.00058058877
0.00058392579
0.00058726158
0.00059059614
0.00059392949
0.00059726161
0.0006005925
0.00060392217
0.00060725062
0.00061057783
0.00061390381
0.00061722855
0.00062055208
0.0006238744
0.00062719551
0.00063051542
0.00063383411
0.0006371516
0.00064046787
0.00064378294
0.00064709679
0.00065040943
0.00065372086
0.00065703108
0.00066034008
0.00066364789
0.00066695328
0.12732936
0.10058156
0.076509876
0.058377428
0.045436963
0.036265703
0.029688658
0.024884521
0.021305453
0.018588272
0.016489789
0.014844414
0.013537207
0.012486801
0.011634491
0.01093715
0.010362563
0.0098862912
0.0094895314
0.0091576287
0.0088790263
0.0086445136
0.0084466786
0.0082795054
0.0081380732
0.0080183289
0.007916914
0.0078310304
0.0077583357
0.007696861
0.0076449456
0.0076011841
0.0075643844
0.007533533
0.0075077666
0.0074863486
0.00746865
0.007454133
0.0074423375
0.0074328695
0.0074253918
0.0074196153
0.0074152924
0.0074122111
0.0074101898
0.0074090728
0.007408727
0.0074090383
0.0074099092
0.0074112564
0.0074130085
0.0074151048
0.0074174932
0.0074201294
0.0074229757
0.0074259998
0.0074291745
0.0074324763
0.0074358854
0.0074393852
0.0074429613
0.0074466016
0.0074502959
0.0074540355
0.0074578132
0.0074616227
0.0074654589
0.0074693173
0.0074731943
0.0074770866
0.0074809918
0.0074849076
0.0074888322
0.007492764
0.0074967016
0.007500644
0.0075045903
0.0075085379
0.0075124953
0.0075164607
0.0075204328
0.0075244101
0.0075283916
0.0075323763
0.0075363633
0.007540352
0.0075443417
0.0075483318
0.0075523219
0.0075563116
0.0075603004
0.007564288
0.0075682742
0.0075722587
0.0075762412
0.0075802215
0.0075841994
0.0075881748
0.0075921476
0.0075961176
0.0076000847
0.0076040489
0.0076080102
0.0076119684
0.0076159235
0.0076198756
0.0076238247
0.0076277708
0.0076317139
0.0076356541
0.0076395915
0.0076435262
0.0076474581
0.0076513875
0.0076553144
0.007659239
0.0076631612
0.0076670814
0.0076709994
0.0076749156
0.0076788299
0.0076827426
0.0076866536
0.0076905633
0.007694472
0.0076983798
0.0077022866
0.0077061925
0.0077100975
0.0077140016
0.0077179048
0.0077218073
0.0077257089
0.0077296097
0.0077335097
0.0077374089
0.0077413073
0.007745205
0.0077491019
0.007752998
0.0077568934
0.007760788
0.0077646818
0.0077685749
0.0077724673
0.0077763588
0.0077802496
0.0077841396
0.0077880289
0.0077919174
0.0077958051
0.007799692
0.0078035781
0.0078074635
0.0078113481
0.0078152318
0.0078191148
0.007822997
0.0078268785
0.0078307591
0.007834639
0.0078385181
0.0078423964
0.007846274
0.0078501507
0.0078540266
0.0078579017
0.007861776
0.0078656495
0.0078695222
0.0078733941
0.0078772652
0.0078811354
0.0078850049
0.0078888735
0.0078927414
0.0078966084
0.0079004746
0.0079043399
0.0079082045
0.0079120682
0.0079159311
0.0079197931
0.0079236543
0.0079275145
0.0079313739
0.0079352325
0.0079390902
0.007942947
0.0079468028
0.0079506578
0.0079545118
0.0079583647
0.0079622167
0.0079660675
0.0079699173
0.007973766
0.0079776135
0.0079814601
0.0079853044
0.14153283
0.13403873
0.12119813
0.10662263
0.092851435
0.080921625
0.07099727
0.062882802
0.056283971
0.050914268
0.046529054
0.042930366
0.039961609
0.037499886
0.035448778
0.033732347
0.032290433
0.031075046
0.030047619
0.029176938
0.028437557
0.027808598
0.027272825
0.02681593
0.026425972
0.026092946
0.025808429
0.02556531
0.025357563
0.025180072
0.025028481
0.024899073
0.024788673
0.024694568
0.02461443
0.024546266
0.024488368
0.024439268
0.024397707
0.024362605
0.024333033
0.024308196
0.024287408
0.024270085
0.024255721
0.024243886
0.024234209
0.024226373
0.024220106
0.024215177
0.024211387
0.024208564
0.024206565
0.024205264
0.024204557
0.024204354
0.024204576
0.02420516
0.024206049
0.024207196
0.024208561
0.02421011
0.024211814
0.024213649
0.024215595
0.024217633
0.024219749
0.02422193
0.024224167
0.024226449
0.024228771
0.024231125
0.024233507
0.024235911
0.024238334
0.024240774
0.024243227
0.024245691
0.024248163
0.02425065
0.024253149
0.024255658
0.024258175
0.024260699
0.024263229
0.024265762
0.024268299
0.024270838
0.024273378
0.024275919
0.02427846
0.024281001
0.024283542
0.02428608
0.024288617
0.024291153
0.024293685
0.024296215
0.024298743
0.024301267
0.024303788
0.024306306
0.02430882
0.024311331
0.024313839
0.024316342
0.024318843
0.024321339
0.024323833
0.024326323
0.024328809
0.024331293
0.024333773
0.024336251
0.024338726
0.024341198
0.024343668
0.024346136
0.024348601
0.024351065
0.024353527
0.024355988
0.024358447
0.024360904
0.024363362
0.024365818
0.024368275
0.02437073
0.024373186
0.024375641
0.024378096
0.02438055
0.024383005
0.024385459
0.024387914
0.024390368
0.024392822
0.024395276
0.02439773
0.024400185
0.024402639
0.024405093
0.024407547
0.024410002
0.024412456
0.02441491
0.024417364
0.024419819
0.024422273
0.024424727
0.024427181
0.024429635
0.024432089
0.024434543
0.024436997
0.024439451
0.024441905
0.024444358
0.024446812
0.024449266
0.024451719
0.024454173
0.024456626
0.024459079
0.024461532
0.024463985
0.024466438
0.02446889
0.024471343
0.024473795
0.024476248
0.0244787
0.024481152
0.024483604
0.024486056
0.024488507
0.024490959
0.02449341
0.024495861
0.024498312
0.024500763
0.024503214
0.024505664
0.024508114
0.024510564
0.024513014
0.024515464
0.024517913
0.024520361
0.02452281
0.024525258
0.024527705
0.024530152
0.024532598
0.024535043
0.024537487
0.024539931
0.024542373
0.024544815
0.024547255
0.14276763
0.14139671
0.13730031
0.13055043
0.12223453
0.11347445
0.10502648
0.097284987
0.090399514
0.084381372
0.079174031
0.074693571
0.070849908
0.06755699
0.064737056
0.062321867
0.060252497
0.058478506
0.056956907
0.055651131
0.054530075
0.053567273
0.052740174
0.052029541
0.051418933
0.050894285
0.050443545
0.050056374
0.049723893
0.04943847
0.049193539
0.04898345
0.048803337
0.048649008
0.048516853
0.048403761
0.048307049
0.048224409
0.048153851
0.048093661
0.048042365
0.047998693
0.047961553
0.047930005
0.047903243
0.047880573
0.0478614
0.047845214
0.047831576
0.047820111
0.047810498
0.047802462
0.047795768
0.047790214
0.047785629
0.047781866
0.047778801
0.047776327
0.047774354
0.047772804
0.047771613
0.047770724
0.047770091
0.047769674
0.047769439
0.047769357
0.047769404
0.04776956
0.047769807
0.047770131
0.04777052
0.047770964
0.047771453
0.047771981
0.047772541
0.047773128
0.047773738
0.047774368
0.047775006
0.047775662
0.047776333
0.047777018
0.047777713
0.047778416
0.047779127
0.047779844
0.047780565
0.04778129
0.047782017
0.047782746
0.047783476
0.047784206
0.047784936
0.047785665
0.047786393
0.047787118
0.047787842
0.047788563
0.047789282
0.047789997
0.047790709
0.047791418
0.047792123
0.047792825
0.047793523
0.047794217
0.047794907
0.047795594
0.047796277
0.047796956
0.047797632
0.047798304
0.047798973
0.047799639
0.047800302
0.047800963
0.047801621
0.047802276
0.047802929
0.047803581
0.047804231
0.047804879
0.047805526
0.047806171
0.047806816
0.04780746
0.047808104
0.047808748
0.047809391
0.047810035
0.047810678
0.047811322
0.047811965
0.047812609
0.047813253
0.047813897
0.047814542
0.047815187
0.047815832
0.047816478
0.047817124
0.047817771
0.047818418
0.047819065
0.047819713
0.047820361
0.04782101
0.047821659
0.047822308
0.047822958
0.047823608
0.047824258
0.047824909
0.04782556
0.047826211
0.047826862
0.047827514
0.047828166
0.047828819
0.047829471
0.047830124
0.047830777
0.04783143
0.047832084
0.047832737
0.047833391
0.047834045
0.0478347
0.047835354
0.047836009
0.047836664
0.047837319
0.047837974
0.04783863
0.047839285
0.047839941
0.047840597
0.047841253
0.047841909
0.047842566
0.047843223
0.047843879
0.047844536
0.047845193
0.04784585
0.047846507
0.047847164
0.047847821
0.047848478
0.047849134
0.04784979
0.047850446
0.047851101
0.047851756
0.047852409
0.047853062
0.047853713
0.047854363
0.047855013
0.047855662
0.14285229
0.14265775
0.14168825
0.13941774
0.13579925
0.13117052
0.12598704
0.12064762
0.11543641
0.1105284
0.10601561
0.10193401
0.098284636
0.095048281
0.09219513
0.089690761
0.087499749
0.085587737
0.083922534
0.082474633
0.081217382
0.080126941
0.079182143
0.078364286
0.077656912
0.077045577
0.076517639
0.076062049
0.075669164
0.075330586
0.075039
0.074788048
0.074572207
0.07438668
0.07422731
0.074090492
0.073973104
0.073872447
0.073786183
0.073712296
0.073649042
0.073594918
0.073548626
0.07350905
0.073475227
0.07344633
0.073421646
0.073400565
0.07338256
0.073367182
0.073354043
0.073342814
0.07333321
0.07332499
0.073317946
0.073311902
0.073306706
0.073302229
0.073298363
0.073295014
0.073292103
0.073289561
0.073287332
0.073285368
0.073283626
0.073282073
0.073280679
0.073279419
0.073278272
0.07327722
0.073276249
0.073275345
0.073274498
0.073273699
0.073272941
0.073272218
0.073271523
0.073270852
0.073270202
0.073269562
0.073268938
0.073268327
0.073267728
0.073267139
0.073266558
0.073265983
0.073265414
0.07326485
0.073264288
0.07326373
0.073263174
0.073262618
0.073262064
0.073261509
0.073260954
0.073260398
0.073259841
0.073259283
0.073258722
0.07325816
0.073257595
0.073257027
0.073256457
0.073255883
0.073255307
0.073254728
0.073254146
0.073253561
0.073252972
0.073252381
0.073251787
0.07325119
0.073250591
0.073249989
0.073249385
0.073248778
0.07324817
0.07324756
0.073246948
0.073246335
0.073245721
0.073245105
0.073244489
0.073243872
0.073243255
0.073242638
0.07324202
0.073241403
0.073240786
0.073240169
0.073239553
0.073238937
0.073238322
0.073237707
0.073237094
0.073236481
0.073235869
0.073235258
0.073234648
0.073234039
0.073233431
0.073232824
0.073232218
0.073231613
0.073231009
0.073230406
0.073229804
0.073229202
0.073228602
0.073228003
0.073227404
0.073226807
0.07322621
0.073225614
0.073225019
0.073224425
0.073223831
0.073223239
0.073222647
0.073222056
0.073221466
0.073220876
0.073220287
0.073219699
0.073219112
0.073218526
0.07321794
0.073217354
0.07321677
0.073216186
0.073215603
0.073215021
0.073214439
0.073213858
0.073213278
0.073212699
0.07321212
0.073211542
0.073210964
0.073210388
0.073209811
0.073209236
0.073208661
0.073208087
0.073207513
0.07320694
0.073206367
0.073205795
0.073205223
0.073204651
0.07320408
0.073203508
0.073202936
0.073202364
0.073201791
0.073201217
0.073200643
0.073200068
0.073199492
0.073198917
0.14289595
0.14290145
0.1427341
0.14213948
0.14090769
0.13899141
0.13649306
0.13359039
0.13047038
0.12729279
0.12417793
0.1212079
0.1184332
0.11588047
0.11355938
0.11146812
0.10959751
0.10793397
0.10646159
0.10516354
0.10402295
0.10302354
0.10214999
0.10138806
0.10072475
0.10014827
0.099648028
0.099214549
0.098839413
0.098515162
0.098235216
0.097993786
0.09778579
0.097606781
0.097452873
0.097320675
0.097207236
0.097109987
0.0970267
0.096955441
0.096894534
0.096842531
0.096798178
0.096760393
0.096728242
0.096700919
0.096677732
0.096658084
0.096641463
0.096627426
0.096615596
0.096605649
0.096597306
0.09659033
0.096584516
0.096579691
0.096575707
0.096572435
0.096569768
0.096567613
0.096565893
0.096564541
0.096563499
0.096562721
0.096562164
0.096561794
0.096561583
0.096561505
0.09656154
0.096561669
0.096561879
0.096562155
0.096562489
0.096562871
0.096563293
0.096563748
0.096564233
0.096564742
0.096565271
0.09656581
0.096566365
0.096566936
0.09656752
0.096568115
0.096568719
0.096569331
0.096569948
0.09657057
0.096571196
0.096571825
0.096572455
0.096573087
0.096573719
0.096574351
0.096574982
0.096575612
0.096576241
0.096576867
0.09657749
0.09657811
0.096578728
0.096579341
0.096579952
0.096580558
0.09658116
0.096581758
0.096582353
0.096582943
0.096583529
0.096584111
0.096584688
0.096585262
0.096585833
0.096586399
0.096586963
0.096587523
0.09658808
0.096588634
0.096589185
0.096589735
0.096590282
0.096590827
0.09659137
0.096591912
0.096592452
0.096592992
0.096593531
0.09659407
0.096594608
0.096595145
0.096595683
0.09659622
0.096596758
0.096597295
0.096597833
0.096598371
0.096598909
0.096599447
0.096599985
0.096600524
0.096601063
0.096601603
0.096602143
0.096602683
0.096603224
0.096603764
0.096604306
0.096604847
0.096605389
0.096605931
0.096606474
0.096607016
0.096607559
0.096608102
0.096608645
0.096609189
0.096609732
0.096610276
0.09661082
0.096611364
0.096611908
0.096612453
0.096612997
0.096613542
0.096614087
0.096614631
0.096615176
0.096615721
0.096616266
0.096616811
0.096617357
0.096617902
0.096618447
0.096618993
0.096619538
0.096620084
0.096620629
0.096621175
0.09662172
0.096622266
0.096622812
0.096623358
0.096623904
0.096624449
0.096624995
0.096625541
0.096626086
0.096626631
0.096627176
0.09662772
0.096628264
0.096628808
0.09662935
0.096629892
0.096630432
0.096630972
0.09663151
0.096632046
0.096632581
0.096633116
0.28065751
0.26753337
0.25023724
0.23229396
0.21580075
0.20156154
0.18961628
0.17968311
0.17140693
0.16446442
0.15859349
0.15359124
0.14930257
0.14560819
0.14241489
0.13964838
0.13724818
0.13516418
0.13335419
0.13178228
0.13041755
0.12923324
0.12820614
0.12731598
0.12654507
0.12587796
0.12530115
0.12480282
0.12437267
0.12400168
0.123682
0.12340679
0.12317007
0.12296665
0.12279203
0.12264227
0.12251397
0.12240419
0.12231035
0.12223026
0.12216198
0.12210387
0.12205449
0.12201261
0.12197716
0.12194722
0.121922
0.12190083
0.12188311
0.12186835
0.12185611
0.12184603
0.12183778
0.1218311
0.12182574
0.12182153
0.12181827
0.12181583
0.12181409
0.12181293
0.12181227
0.12181204
0.12181216
0.12181258
0.12181326
0.12181416
0.12181523
0.12181646
0.12181782
0.12181929
0.12182085
0.12182249
0.1218242
0.12182596
0.12182776
0.12182961
0.12183149
0.12183339
0.12183532
0.12183727
0.12183923
0.12184121
0.12184321
0.12184522
0.12184724
0.12184927
0.12185132
0.12185337
0.12185542
0.12185748
0.12185954
0.1218616
0.12186366
0.12186573
0.12186779
0.12186985
0.12187191
0.12187396
0.12187601
0.12187806
0.1218801
0.12188214
0.12188417
0.1218862
0.12188822
0.12189024
0.12189225
0.12189425
0.12189625
0.12189824
0.12190023
0.12190221
0.12190418
0.12190615
0.12190812
0.12191007
0.12191203
0.12191398
0.12191592
0.12191787
0.12191981
0.12192174
0.12192367
0.1219256
0.12192753
0.12192946
0.12193138
0.1219333
0.12193523
0.12193715
0.12193907
0.12194099
0.12194291
0.12194482
0.12194674
0.12194866
0.12195058
0.12195249
0.12195441
0.12195633
0.12195825
0.12196016
0.12196208
0.12196399
0.12196591
0.12196783
0.12196974
0.12197166
0.12197357
0.12197549
0.1219774
0.12197932
0.12198123
0.12198315
0.12198506
0.12198697
0.12198889
0.1219908
0.12199271
0.12199462
0.12199654
0.12199845
0.12200036
0.12200227
0.12200418
0.12200609
0.122008
0.12200991
0.12201182
0.12201372
0.12201563
0.12201754
0.12201944
0.12202135
0.12202326
0.12202516
0.12202707
0.12202897
0.12203087
0.12203278
0.12203468
0.12203658
0.12203848
0.12204038
0.12204228
0.12204418
0.12204608
0.12204798
0.12204988
0.12205178
0.12205367
0.12205556
0.12205746
0.12205935
0.12206124
0.12206313
0.12206501
0.12206689
0.12206878
0.12207066
0.28556773
0.28412483
0.28007609
0.27307016
0.26374186
0.25314416
0.24225276
0.23175522
0.2220445
0.2132931
0.20553452
0.19872548
0.19278639
0.18762493
0.18314873
0.1792714
0.17591505
0.17301076
0.17049824
0.16832508
0.1664458
0.16482103
0.16341668
0.16220324
0.16115514
0.16025023
0.1594693
0.1587957
0.158215
0.15771467
0.15728385
0.15691312
0.15659431
0.15632035
0.1560851
0.15588326
0.15571021
0.15556198
0.15543513
0.15532667
0.15523404
0.15515502
0.15508768
0.15503037
0.15498167
0.15494034
0.15490534
0.15487575
0.15485079
0.15482979
0.15481216
0.15479742
0.15478515
0.15477497
0.15476657
0.1547597
0.15475412
0.15474964
0.15474609
0.15474333
0.15474124
0.15473972
0.15473868
0.15473805
0.15473776
0.15473777
0.15473802
0.15473847
0.15473911
0.15473988
0.15474079
0.1547418
0.1547429
0.15474407
0.15474531
0.1547466
0.15474794
0.15474931
0.15475072
0.15475216
0.15475361
0.15475508
0.15475657
0.15475808
0.1547596
0.15476114
0.15476269
0.15476425
0.15476582
0.15476739
0.15476897
0.15477055
0.15477213
0.15477371
0.1547753
0.15477688
0.15477846
0.15478004
0.15478161
0.15478318
0.15478475
0.15478631
0.15478786
0.15478941
0.15479095
0.15479249
0.15479402
0.15479554
0.15479706
0.15479857
0.15480007
0.15480157
0.15480306
0.15480454
0.15480602
0.15480749
0.15480895
0.15481041
0.15481187
0.15481332
0.15481477
0.15481621
0.15481765
0.15481909
0.15482052
0.15482196
0.15482339
0.15482482
0.15482624
0.15482767
0.1548291
0.15483052
0.15483195
0.15483337
0.1548348
0.15483622
0.15483765
0.15483907
0.15484049
0.15484192
0.15484334
0.15484477
0.15484619
0.15484762
0.15484904
0.15485047
0.15485189
0.15485332
0.15485474
0.15485617
0.15485759
0.15485902
0.15486044
0.15486187
0.15486329
0.15486472
0.15486614
0.15486757
0.15486899
0.15487041
0.15487184
0.15487326
0.15487468
0.15487611
0.15487753
0.15487895
0.15488038
0.1548818
0.15488322
0.15488464
0.15488606
0.15488748
0.1548889
0.15489032
0.15489174
0.15489316
0.15489458
0.154896
0.15489742
0.15489884
0.15490026
0.15490167
0.15490309
0.15490451
0.15490592
0.15490734
0.15490875
0.15491017
0.15491158
0.15491299
0.15491441
0.15491582
0.15491722
0.15491863
0.15492004
0.15492144
0.15492284
0.15492424
0.15492563
0.15492703
0.28571079
0.28560479
0.28504121
0.2835124
0.28065411
0.27642295
0.27106019
0.26494965
0.25848606
0.25199948
0.2457301
0.23983279
0.23439394
0.22945017
0.2250046
0.22103929
0.21752413
0.21442285
0.21169698
0.20930825
0.20722007
0.20539835
0.20381183
0.20243219
0.20123403
0.20019471
0.19929414
0.19851456
0.19784036
0.19725778
0.19675481
0.19632091
0.1959469
0.19562474
0.19534745
0.19510896
0.19490399
0.19472794
0.19457684
0.19444723
0.19433615
0.19424099
0.19415953
0.19408985
0.19403026
0.19397935
0.19393586
0.19389875
0.19386708
0.19384007
0.19381705
0.19379743
0.19378071
0.19376646
0.19375433
0.19374399
0.19373518
0.19372767
0.19372126
0.19371579
0.19371112
0.19370711
0.19370368
0.19370073
0.19369819
0.193696
0.19369409
0.19369244
0.19369099
0.19368972
0.1936886
0.1936876
0.19368671
0.19368592
0.19368519
0.19368454
0.19368394
0.19368338
0.19368287
0.19368239
0.19368194
0.1936815
0.19368107
0.19368067
0.19368029
0.19367991
0.19367955
0.1936792
0.19367886
0.19367853
0.1936782
0.19367787
0.19367755
0.19367723
0.19367691
0.19367659
0.19367627
0.19367595
0.19367563
0.19367531
0.19367498
0.19367465
0.19367431
0.19367397
0.19367362
0.19367327
0.19367292
0.19367255
0.19367218
0.19367181
0.19367143
0.19367104
0.19367065
0.19367025
0.19366985
0.19366944
0.19366902
0.1936686
0.19366818
0.19366775
0.19366732
0.19366689
0.19366645
0.19366601
0.19366557
0.19366513
0.19366468
0.19366423
0.19366379
0.19366334
0.19366289
0.19366244
0.19366199
0.19366154
0.19366109
0.19366064
0.19366019
0.19365975
0.1936593
0.19365885
0.1936584
0.19365796
0.19365751
0.19365707
0.19365663
0.19365618
0.19365574
0.1936553
0.19365486
0.19365442
0.19365397
0.19365353
0.1936531
0.19365266
0.19365222
0.19365178
0.19365134
0.1936509
0.19365047
0.19365003
0.19364959
0.19364916
0.19364872
0.19364828
0.19364785
0.19364741
0.19364698
0.19364654
0.1936461
0.19364567
0.19364523
0.1936448
0.19364436
0.19364393
0.19364349
0.19364306
0.19364262
0.19364219
0.19364176
0.19364132
0.19364089
0.19364045
0.19364002
0.19363958
0.19363915
0.19363872
0.19363828
0.19363785
0.19363741
0.19363698
0.19363654
0.1936361
0.19363566
0.19363522
0.19363478
0.19363434
0.19363389
0.19363344
0.19363299
0.19363254
0.28571423
0.28570819
0.2856509
0.28541667
0.28481635
0.28367409
0.28189968
0.2795114
0.27661348
0.2733554
0.26989488
0.26637366
0.26290596
0.25957593
0.2564402
0.25353262
0.25086939
0.24845383
0.24628028
0.24433723
0.24260956
0.24108031
0.23973182
0.23854659
0.23750773
0.23659938
0.23580681
0.23511656
0.2345164
0.23399537
0.23354363
0.23315244
0.23281406
0.23252165
0.2322692
0.23205143
0.23186372
0.23170203
0.23156284
0.23144309
0.2313401
0.23125157
0.23117548
0.23111011
0.23105393
0.23100567
0.23096418
0.23092852
0.23089784
0.23087142
0.23084865
0.230829
0.23081201
0.2307973
0.23078452
0.23077339
0.23076367
0.23075514
0.23074763
0.23074098
0.23073506
0.23072976
0.230725
0.23072067
0.23071673
0.2307131
0.23070975
0.23070662
0.23070369
0.23070093
0.2306983
0.23069579
0.23069338
0.23069106
0.23068881
0.23068662
0.23068449
0.2306824
0.23068035
0.23067833
0.23067634
0.23067438
0.23067242
0.23067048
0.23066855
0.23066663
0.23066473
0.23066283
0.23066094
0.23065906
0.23065718
0.23065531
0.23065345
0.23065159
0.23064973
0.23064787
0.23064602
0.23064416
0.23064231
0.23064046
0.2306386
0.23063675
0.23063489
0.23063303
0.23063117
0.2306293
0.23062744
0.23062557
0.23062369
0.23062182
0.23061994
0.23061805
0.23061617
0.23061428
0.23061238
0.23061049
0.23060859
0.23060669
0.23060479
0.23060288
0.23060098
0.23059907
0.23059716
0.23059525
0.23059334
0.23059143
0.23058951
0.2305876
0.23058569
0.23058378
0.23058187
0.23057996
0.23057805
0.23057614
0.23057423
0.23057233
0.23057042
0.23056852
0.23056662
0.23056472
0.23056282
0.23056092
0.23055903
0.23055714
0.23055525
0.23055336
0.23055147
0.23054959
0.2305477
0.23054582
0.23054394
0.23054206
0.23054018
0.23053831
0.23053644
0.23053456
0.23053269
0.23053082
0.23052895
0.23052709
0.23052522
0.23052336
0.23052149
0.23051963
0.23051777
0.23051591
0.23051405
0.2305122
0.23051034
0.23050849
0.23050663
0.23050478
0.23050293
0.23050108
0.23049923
0.23049739
0.23049554
0.23049369
0.23049185
0.23049001
0.23048817
0.23048633
0.23048449
0.23048265
0.23048082
0.23047898
0.23047715
0.23047531
0.23047348
0.23047165
0.23046982
0.23046798
0.23046615
0.23046432
0.23046249
0.23046066
0.23045883
0.23045699
0.23045516
0.23045332
0.28575541
0.28579158
0.28581632
0.28581038
0.28573053
0.28551208
0.28508801
0.28441154
0.28346931
0.28228143
0.28089256
0.27936022
0.27774429
0.27609986
0.2744732
0.27290033
0.27140728
0.27001119
0.26872187
0.26754338
0.26647543
0.26551467
0.26465567
0.26389169
0.26321531
0.26261887
0.26209472
0.26163553
0.26123433
0.26088467
0.26058059
0.2603167
0.26008812
0.25989048
0.25971988
0.25957286
0.25944636
0.2593377
0.2592445
0.2591647
0.25909649
0.25903828
0.25898871
0.25894659
0.25891087
0.25888066
0.25885519
0.25883378
0.25881586
0.25880092
0.25878854
0.25877834
0.25877001
0.25876328
0.2587579
0.25875369
0.25875046
0.25874807
0.2587464
0.25874533
0.25874478
0.25874467
0.25874493
0.2587455
0.25874633
0.25874739
0.25874865
0.25875006
0.25875161
0.25875327
0.25875503
0.25875688
0.25875879
0.25876076
0.25876279
0.25876486
0.25876696
0.2587691
0.25877126
0.25877345
0.25877565
0.25877788
0.25878011
0.25878235
0.25878461
0.25878688
0.25878917
0.25879146
0.25879377
0.25879608
0.2587984
0.25880073
0.25880306
0.25880539
0.25880773
0.25881007
0.25881241
0.25881475
0.25881709
0.25881943
0.25882176
0.25882409
0.25882642
0.25882874
0.25883106
0.25883337
0.25883568
0.25883798
0.25884027
0.25884256
0.25884484
0.25884712
0.25884938
0.25885164
0.2588539
0.25885615
0.25885839
0.25886062
0.25886286
0.25886508
0.2588673
0.25886952
0.25887173
0.25887394
0.25887615
0.25887835
0.25888055
0.25888275
0.25888495
0.25888715
0.25888934
0.25889154
0.25889373
0.25889592
0.25889811
0.2589003
0.2589025
0.25890469
0.25890688
0.25890907
0.25891126
0.25891345
0.25891563
0.25891782
0.25892001
0.2589222
0.25892439
0.25892658
0.25892876
0.25893095
0.25893314
0.25893532
0.25893751
0.2589397
0.25894188
0.25894407
0.25894625
0.25894844
0.25895062
0.2589528
0.25895498
0.25895717
0.25895935
0.25896153
0.25896371
0.25896589
0.25896807
0.25897025
0.25897242
0.2589746
0.25897678
0.25897895
0.25898113
0.2589833
0.25898548
0.25898765
0.25898982
0.258992
0.25899417
0.25899634
0.25899851
0.25900068
0.25900285
0.25900501
0.25900718
0.25900935
0.25901151
0.25901368
0.25901584
0.25901801
0.25902017
0.25902233
0.25902449
0.25902664
0.2590288
0.25903095
0.25903311
0.25903526
0.2590374
0.25903955
0.42679658
0.42168278
0.41383372
0.40414563
0.39356078
0.3828798
0.37267168
0.36327069
0.35482345
0.34735032
0.34079932
0.33508465
0.33011052
0.32578388
0.32202015
0.31874498
0.31589402
0.31341187
0.31125085
0.3093698
0.30773309
0.30630974
0.30507272
0.30399842
0.30306618
0.30225788
0.30155765
0.30095158
0.30042749
0.29997471
0.29958391
0.29924692
0.29895663
0.29870683
0.29849209
0.29830769
0.29814954
0.29801406
0.29789817
0.29779916
0.29771471
0.29764281
0.29758171
0.29752989
0.29748604
0.29744906
0.29741795
0.29739189
0.29737015
0.2973521
0.29733722
0.29732505
0.29731519
0.29730729
0.29730108
0.29729631
0.29729275
0.29729023
0.29728859
0.29728771
0.29728746
0.29728774
0.29728849
0.29728962
0.29729108
0.29729282
0.29729479
0.29729697
0.29729931
0.29730179
0.29730439
0.2973071
0.29730989
0.29731276
0.29731569
0.29731867
0.2973217
0.29732477
0.29732788
0.29733101
0.29733417
0.29733735
0.29734056
0.29734377
0.29734699
0.29735023
0.29735348
0.29735675
0.29736004
0.29736334
0.29736665
0.29736997
0.29737329
0.29737663
0.29737997
0.29738331
0.29738665
0.29739
0.29739335
0.29739669
0.29740003
0.29740337
0.2974067
0.29741003
0.29741335
0.29741667
0.29741998
0.29742327
0.29742657
0.29742985
0.29743312
0.29743638
0.29743964
0.29744288
0.29744612
0.29744934
0.29745256
0.29745577
0.29745897
0.29746217
0.29746536
0.29746854
0.29747171
0.29747489
0.29747805
0.29748121
0.29748437
0.29748753
0.29749068
0.29749383
0.29749698
0.29750013
0.29750327
0.29750642
0.29750956
0.2975127
0.29751584
0.29751898
0.29752212
0.29752526
0.2975284
0.29753154
0.29753468
0.29753781
0.29754095
0.29754408
0.29754722
0.29755035
0.29755349
0.29755662
0.29755975
0.29756289
0.29756602
0.29756915
0.29757228
0.29757541
0.29757853
0.29758166
0.29758479
0.29758791
0.29759103
0.29759416
0.29759728
0.2976004
0.29760352
0.29760664
0.29760976
0.29761287
0.29761599
0.2976191
0.29762222
0.29762533
0.29762844
0.29763155
0.29763466
0.29763777
0.29764087
0.29764398
0.29764708
0.29765019
0.29765329
0.29765639
0.29765949
0.29766259
0.29766569
0.29766878
0.29767188
0.29767497
0.29767807
0.29768116
0.29768425
0.29768733
0.29769042
0.2976935
0.29769658
0.29769966
0.29770273
0.2977058
0.29770887
0.29771194
0.42855434
0.42836069
0.42770271
0.42629087
0.42395033
0.42067139
0.41658996
0.4119289
0.40693588
0.40183817
0.39681908
0.3920117
0.38750286
0.38334164
0.37954877
0.37612502
0.37305797
0.37032709
0.36790739
0.36577194
0.36389357
0.36224587
0.36080392
0.35954455
0.3584466
0.35749084
0.35666003
0.35593873
0.35531321
0.35477133
0.35430235
0.35389683
0.35354647
0.35324402
0.35298311
0.3527582
0.35256443
0.35239761
0.35225406
0.35213061
0.35202447
0.35193327
0.35185493
0.35178765
0.35172987
0.35168027
0.35163767
0.35160109
0.35156966
0.35154264
0.3515194
0.35149938
0.35148212
0.35146722
0.35145432
0.35144314
0.35143341
0.35142492
0.35141748
0.35141094
0.35140516
0.35140002
0.35139543
0.35139131
0.35138758
0.35138418
0.35138106
0.35137818
0.35137551
0.35137301
0.35137065
0.35136842
0.35136629
0.35136426
0.3513623
0.35136042
0.35135859
0.35135681
0.35135508
0.35135339
0.35135174
0.35135011
0.35134852
0.35134695
0.3513454
0.35134385
0.35134231
0.35134079
0.35133928
0.35133779
0.35133631
0.35133484
0.35133338
0.35133192
0.35133048
0.35132904
0.3513276
0.35132617
0.35132474
0.35132332
0.35132189
0.35132046
0.35131903
0.3513176
0.35131617
0.35131473
0.35131329
0.35131184
0.35131039
0.35130893
0.35130746
0.35130599
0.35130452
0.35130303
0.35130154
0.35130005
0.35129855
0.35129704
0.35129553
0.35129401
0.35129249
0.35129096
0.35128943
0.3512879
0.35128636
0.35128482
0.35128328
0.35128174
0.35128019
0.35127865
0.3512771
0.35127555
0.351274
0.35127245
0.35127091
0.35126936
0.35126781
0.35126627
0.35126472
0.35126318
0.35126164
0.35126009
0.35125855
0.35125702
0.35125548
0.35125394
0.35125241
0.35125087
0.35124934
0.35124781
0.35124628
0.35124475
0.35124322
0.35124169
0.35124016
0.35123863
0.35123711
0.35123558
0.35123406
0.35123253
0.35123101
0.35122949
0.35122796
0.35122644
0.35122492
0.3512234
0.35122188
0.35122036
0.35121884
0.35121732
0.3512158
0.35121428
0.35121276
0.35121124
0.35120972
0.35120821
0.35120669
0.35120517
0.35120366
0.35120214
0.35120062
0.35119911
0.35119759
0.35119608
0.35119457
0.35119305
0.35119154
0.35119003
0.35118851
0.351187
0.35118549
0.35118398
0.35118246
0.35118095
0.35117943
0.35117792
0.3511764
0.35117488
0.35117336
0.35117184
0.42857131
0.42856694
0.42853795
0.42843742
0.42819592
0.42774029
0.42701614
0.42600265
0.42471497
0.42319679
0.42150853
0.41971578
0.4178806
0.4160563
0.41428516
0.41259823
0.41101642
0.40955208
0.40821076
0.40699291
0.40589528
0.40491212
0.40403609
0.40325901
0.40257232
0.4019675
0.40143629
0.40097087
0.40056396
0.40020885
0.39989945
0.39963023
0.39939625
0.3991931
0.39901686
0.39886406
0.39873164
0.39861692
0.39851754
0.39843144
0.39835683
0.39829214
0.39823601
0.39818725
0.39814485
0.3981079
0.39807564
0.39804742
0.39802264
0.39800083
0.39798155
0.39796444
0.39794918
0.39793551
0.39792318
0.39791201
0.39790181
0.39789245
0.3978838
0.39787575
0.39786822
0.39786111
0.39785438
0.39784796
0.3978418
0.39783587
0.39783013
0.39782455
0.39781911
0.39781378
0.39780856
0.39780342
0.39779835
0.39779335
0.39778841
0.39778351
0.39777866
0.39777384
0.39776906
0.3977643
0.39775958
0.39775488
0.39775021
0.39774555
0.39774092
0.3977363
0.39773169
0.39772709
0.39772249
0.39771789
0.39771331
0.39770873
0.39770416
0.39769959
0.39769503
0.39769048
0.39768592
0.39768137
0.39767683
0.39767228
0.39766774
0.3976632
0.39765866
0.39765412
0.39764958
0.39764504
0.3976405
0.39763595
0.39763141
0.39762686
0.39762231
0.39761776
0.39761321
0.39760865
0.3976041
0.39759954
0.39759498
0.39759041
0.39758585
0.39758128
0.39757671
0.39757214
0.39756757
0.397563
0.39755843
0.39755385
0.39754928
0.3975447
0.39754012
0.39753554
0.39753097
0.39752639
0.39752181
0.39751724
0.39751266
0.39750809
0.39750351
0.39749894
0.39749437
0.3974898
0.39748523
0.39748067
0.39747611
0.39747154
0.39746698
0.39746243
0.39745787
0.39745332
0.39744876
0.39744421
0.39743966
0.39743511
0.39743057
0.39742602
0.39742148
0.39741694
0.3974124
0.39740786
0.39740332
0.39739878
0.39739424
0.39738971
0.39738518
0.39738064
0.39737611
0.39737158
0.39736705
0.39736252
0.39735799
0.39735347
0.39734894
0.39734442
0.39733989
0.39733537
0.39733085
0.39732633
0.39732181
0.39731729
0.39731278
0.39730826
0.39730374
0.39729923
0.39729472
0.39729021
0.3972857
0.39728119
0.39727668
0.39727217
0.39726766
0.39726316
0.39725865
0.39725415
0.39724965
0.39724515
0.39724065
0.39723615
0.39723165
0.39722715
0.39722265
0.39721815
0.42857144
0.4285714
0.42857069
0.42856675
0.42855339
0.42852015
0.42845379
0.42834136
0.42817347
0.42794635
0.42766231
0.42732877
0.42695656
0.42655808
0.42614574
0.42573083
0.42532293
0.42492958
0.42455635
0.42420699
0.42388369
0.4235874
0.42331809
0.42307501
0.42285692
0.42266225
0.42248924
0.42233606
0.42220087
0.42208188
0.42197738
0.42188579
0.42180563
0.42173556
0.42167436
0.42162095
0.42157435
0.42153368
0.42149819
0.42146718
0.42144008
0.42141635
0.42139554
0.42137725
0.42136114
0.4213469
0.42133428
0.42132304
0.42131299
0.42130397
0.42129582
0.42128843
0.42128167
0.42127547
0.42126974
0.4212644
0.42125941
0.42125472
0.42125027
0.42124603
0.42124198
0.42123808
0.42123431
0.42123065
0.42122709
0.42122362
0.42122021
0.42121686
0.42121357
0.42121032
0.42120712
0.42120394
0.4212008
0.42119769
0.42119461
0.42119154
0.4211885
0.42118548
0.42118247
0.42117949
0.42117652
0.42117357
0.42117063
0.42116771
0.4211648
0.42116191
0.42115902
0.42115616
0.42115329
0.42115044
0.42114759
0.42114475
0.42114192
0.42113909
0.42113627
0.42113346
0.42113066
0.42112786
0.42112507
0.42112229
0.42111951
0.42111673
0.42111397
0.4211112
0.42110845
0.42110569
0.42110295
0.4211002
0.42109747
0.42109473
0.421092
0.42108928
0.42108655
0.42108384
0.42108112
0.42107841
0.42107571
0.42107301
0.42107031
0.42106762
0.42106493
0.42106224
0.42105956
0.42105688
0.42105421
0.42105155
0.42104888
0.42104622
0.42104357
0.42104092
0.42103827
0.42103563
0.42103299
0.42103036
0.42102773
0.42102511
0.42102249
0.42101988
0.42101728
0.42101468
0.42101208
0.42100949
0.42100691
0.42100433
0.42100176
0.42099919
0.42099663
0.42099407
0.42099152
0.42098897
0.42098643
0.4209839
0.42098137
0.42097884
0.42097632
0.42097381
0.4209713
0.42096879
0.4209663
0.4209638
0.42096131
0.42095883
0.42095635
0.42095388
0.42095141
0.42094894
0.42094649
0.42094403
0.42094158
0.42093914
0.4209367
0.42093427
0.42093184
0.42092941
0.420927
0.42092458
0.42092217
0.42091977
0.42091737
0.42091498
0.42091259
0.4209102
0.42090782
0.42090545
0.42090308
0.42090071
0.42089835
0.420896
0.42089365
0.4208913
0.42088896
0.42088663
0.4208843
0.42088197
0.42087965
0.42087734
0.42087503
0.42087272
0.42087042
0.42086812
0.42861361
0.4286552
0.42869565
0.42873446
0.42877113
0.42880503
0.42883534
0.42886103
0.42888107
0.42889463
0.42890129
0.42890115
0.42889482
0.42888327
0.42886777
0.42884962
0.42883015
0.42881052
0.42879171
0.42877454
0.42875957
0.42874722
0.42873772
0.42873119
0.42872763
0.42872698
0.4287291
0.42873383
0.42874098
0.42875036
0.42876176
0.42877499
0.42878986
0.4288062
0.42882383
0.42884261
0.4288624
0.42888308
0.42890454
0.42892667
0.4289494
0.42897263
0.42899631
0.42902037
0.42904475
0.42906942
0.42909433
0.42911945
0.42914475
0.42917019
0.42919576
0.42922143
0.42924719
0.42927303
0.42929893
0.42932487
0.42935086
0.42937687
0.42940292
0.42942897
0.42945505
0.42948113
0.42950721
0.4295333
0.42955939
0.42958547
0.42961155
0.42963762
0.42966368
0.42968973
0.42971578
0.42974181
0.42976783
0.42979384
0.42981984
0.42984583
0.4298718
0.42989776
0.42992371
0.42994964
0.42997557
0.43000148
0.43002737
0.43005326
0.43007913
0.43010499
0.43013083
0.43015667
0.43018249
0.43020829
0.43023408
0.43025987
0.43028568
0.43031152
0.43033737
0.43036323
0.4303891
0.43041498
0.43044087
0.43046675
0.43049263
0.4305185
0.43054436
0.43057021
0.43059604
0.43062185
0.43064764
0.4306734
0.43069914
0.43072484
0.43075052
0.43077617
0.43080179
0.43082737
0.43085293
0.43087845
0.43090393
0.43092939
0.43095482
0.43098021
0.43100558
0.43103091
0.43105622
0.43108151
0.43110676
0.431132
0.43115723
0.43118243
0.43120763
0.4312328
0.43125796
0.43128311
0.43130824
0.43133335
0.43135845
0.43138353
0.4314086
0.43143365
0.43145868
0.43148371
0.43150871
0.4315337
0.43155868
0.43158364
0.43160859
0.43163352
0.43165843
0.43168333
0.43170822
0.43173309
0.43175794
0.43178278
0.43180761
0.43183241
0.43185721
0.43188199
0.43190675
0.4319315
0.43195624
0.43198096
0.43200566
0.43203035
0.43205503
0.43207969
0.43210434
0.43212897
0.43215358
0.43217819
0.43220277
0.43222735
0.4322519
0.43227645
0.43230097
0.43232549
0.43234998
0.43237447
0.43239894
0.43242339
0.43244783
0.43247225
0.43249666
0.43252106
0.43254544
0.43256981
0.43259416
0.4326185
0.43264282
0.43266713
0.43269143
0.43271571
0.43273998
0.43276424
0.43278848
0.43281271
0.43283692
0.43286113
0.43288532
0.43290949
0.43293366
0.4329578
0.57138639
0.5713448
0.57130435
0.57126554
0.57122887
0.57119496
0.57116465
0.57113895
0.57111891
0.57110534
0.57109868
0.5710988
0.57110513
0.57111666
0.57113216
0.57115029
0.57116975
0.57118936
0.57120815
0.5712253
0.57124024
0.57125257
0.57126203
0.57126853
0.57127204
0.57127265
0.57127048
0.5712657
0.57125849
0.57124904
0.57123756
0.57122425
0.57120929
0.57119285
0.57117511
0.57115621
0.57113628
0.57111545
0.57109384
0.57107153
0.57104861
0.57102517
0.57100126
0.57097696
0.5709523
0.57092734
0.57090211
0.57087666
0.570851
0.57082516
0.57079918
0.57077306
0.57074682
0.57072048
0.57069405
0.57066754
0.57064097
0.57061433
0.57058764
0.57056091
0.57053413
0.57050733
0.5704805
0.57045365
0.57042678
0.5703999
0.57037301
0.57034613
0.57031926
0.5702924
0.57026556
0.57023875
0.57021197
0.57018522
0.57015851
0.57013183
0.5701052
0.57007862
0.57005209
0.57002561
0.56999918
0.56997281
0.56994651
0.56992026
0.56989408
0.56986796
0.5698419
0.56981591
0.56978998
0.56976411
0.56973829
0.56971252
0.56968677
0.56966103
0.56963531
0.56960961
0.56958393
0.56955826
0.56953261
0.56950698
0.56948137
0.56945577
0.56943019
0.56940463
0.56937908
0.56935355
0.56932803
0.56930253
0.56927704
0.56925157
0.56922611
0.56920067
0.56917524
0.56914983
0.56912443
0.56909904
0.56907368
0.56904832
0.56902298
0.56899765
0.56897234
0.56894705
0.56892177
0.5688965
0.56887125
0.568846
0.56882077
0.56879554
0.56877033
0.56874512
0.56871993
0.56869475
0.56866959
0.56864444
0.5686193
0.56859418
0.56856908
0.56854399
0.56851892
0.56849387
0.56846883
0.56844381
0.56841881
0.56839383
0.56836886
0.56834391
0.56831898
0.56829407
0.56826917
0.56824429
0.56821943
0.56819459
0.56816976
0.56814495
0.56812015
0.56809538
0.56807061
0.56804587
0.56802114
0.56799642
0.56797172
0.56794703
0.56792236
0.56789771
0.56787307
0.56784845
0.56782384
0.56779924
0.56777466
0.5677501
0.56772555
0.56770102
0.5676765
0.56765199
0.5676275
0.56760303
0.56757857
0.56755413
0.5675297
0.56750528
0.56748088
0.5674565
0.56743213
0.56740778
0.56738344
0.56735911
0.5673348
0.56731051
0.56728623
0.56726197
0.56723772
0.56721348
0.56718927
0.56716506
0.56714087
0.5671167
0.56709254
0.5670684
0.56704427
0.56702016
0.57142856
0.5714286
0.57142931
0.57143325
0.57144661
0.57147985
0.57154621
0.57165864
0.57182653
0.57205365
0.57233769
0.57267123
0.57304344
0.57344191
0.57385425
0.57426915
0.57467705
0.57507039
0.57544362
0.57579297
0.57611626
0.57641255
0.57668185
0.57692492
0.577143
0.57733766
0.57751065
0.57766381
0.57779898
0.57791796
0.57802243
0.578114
0.57819413
0.57826417
0.57832534
0.57837871
0.57842528
0.5784659
0.57850135
0.5785323
0.57855935
0.57858301
0.57860376
0.57862197
0.578638
0.57865216
0.57866469
0.57867583
0.57868576
0.57869467
0.5787027
0.57870996
0.57871657
0.57872263
0.57872821
0.57873337
0.57873819
0.5787427
0.57874696
0.578751
0.57875484
0.57875853
0.57876208
0.57876551
0.57876884
0.57877208
0.57877525
0.57877835
0.5787814
0.57878439
0.57878733
0.57879026
0.57879317
0.57879608
0.57879898
0.57880187
0.57880476
0.57880764
0.57881052
0.57881339
0.57881626
0.57881912
0.57882198
0.57882484
0.57882769
0.57883054
0.57883339
0.57883624
0.57883908
0.57884193
0.57884477
0.5788476
0.57885044
0.57885327
0.57885609
0.57885892
0.57886174
0.57886457
0.57886739
0.57887022
0.57887304
0.57887586
0.57887867
0.57888149
0.57888429
0.5788871
0.57888989
0.57889268
0.57889547
0.57889825
0.57890102
0.57890378
0.57890654
0.57890929
0.57891203
0.57891476
0.57891749
0.57892021
0.57892292
0.57892562
0.57892832
0.57893101
0.57893369
0.57893636
0.57893903
0.57894169
0.57894435
0.578947
0.57894965
0.57895229
0.57895492
0.57895755
0.57896017
0.57896279
0.57896541
0.57896801
0.57897062
0.57897321
0.57897581
0.5789784
0.57898098
0.57898356
0.57898613
0.5789887
0.57899126
0.57899382
0.57899637
0.57899892
0.57900147
0.57900401
0.57900654
0.57900907
0.57901159
0.57901411
0.57901663
0.57901914
0.57902164
0.57902414
0.57902663
0.57902912
0.57903161
0.57903409
0.57903656
0.57903903
0.5790415
0.57904396
0.57904642
0.57904887
0.57905131
0.57905375
0.57905619
0.57905862
0.57906104
0.57906347
0.57906588
0.57906829
0.5790707
0.5790731
0.5790755
0.57907789
0.57908028
0.57908266
0.57908504
0.57908741
0.57908978
0.57909214
0.5790945
0.57909685
0.5790992
0.57910155
0.57910389
0.57910622
0.57910856
0.57911088
0.57911321
0.57911553
0.57911784
0.57912016
0.57912246
0.57912477
0.57142869
0.57143306
0.57146205
0.57156258
0.57180408
0.57225971
0.57298386
0.57399735
0.57528503
0.5768032
0.57849145
0.5802842
0.58211938
0.58394367
0.58571481
0.58740173
0.58898353
0.59044786
0.59178917
0.593007
0.59410462
0.59508777
0.59596377
0.59674083
0.5974275
0.5980323
0.59856348
0.59902886
0.59943574
0.59979081
0.60010017
0.60036934
0.60060326
0.60080636
0.60098253
0.60113527
0.60126761
0.60138225
0.60148153
0.60156753
0.60164203
0.6017066
0.6017626
0.60181122
0.60185347
0.60189025
0.60192233
0.60195036
0.60197493
0.60199652
0.60201556
0.60203242
0.6020474
0.60206079
0.60207281
0.60208367
0.60209353
0.60210253
0.60211082
0.60211848
0.60212562
0.60213231
0.60213862
0.60214461
0.60215032
0.6021558
0.60216108
0.6021662
0.60217118
0.60217604
0.6021808
0.60218547
0.60219005
0.60219462
0.60219917
0.60220371
0.60220824
0.60221277
0.60221729
0.60222182
0.60222634
0.60223086
0.60223539
0.60223992
0.60224446
0.602249
0.60225355
0.60225811
0.60226267
0.60226724
0.60227182
0.60227641
0.602281
0.60228559
0.6022902
0.6022948
0.60229941
0.60230402
0.60230865
0.60231328
0.60231793
0.60232257
0.60232722
0.60233188
0.60233653
0.60234119
0.60234584
0.60235049
0.60235514
0.60235979
0.60236444
0.60236908
0.60237371
0.60237834
0.60238296
0.60238758
0.6023922
0.60239681
0.60240141
0.60240601
0.6024106
0.60241519
0.60241977
0.60242435
0.60242892
0.60243349
0.60243806
0.60244263
0.6024472
0.60245176
0.60245632
0.60246088
0.60246544
0.60247
0.60247456
0.60247911
0.60248367
0.60248822
0.60249278
0.60249733
0.60250188
0.60250643
0.60251098
0.60251553
0.60252008
0.60252463
0.60252918
0.60253373
0.60253828
0.60254282
0.60254737
0.60255191
0.60255646
0.602561
0.60256555
0.60257009
0.60257463
0.60257917
0.60258371
0.60258825
0.60259278
0.60259732
0.60260186
0.60260639
0.60261093
0.60261546
0.60261999
0.60262453
0.60262906
0.60263359
0.60263811
0.60264264
0.60264717
0.60265169
0.60265622
0.60266074
0.60266527
0.60266979
0.60267431
0.60267883
0.60268335
0.60268787
0.60269239
0.6026969
0.60270142
0.60270594
0.60271045
0.60271497
0.60271948
0.602724
0.60272851
0.60273303
0.60273754
0.60274206
0.60274657
0.60275109
0.60275561
0.60276013
0.60276465
0.60276917
0.57144566
0.57163931
0.57229729
0.57370913
0.57604967
0.5793286
0.58341004
0.58807109
0.5930641
0.59816181
0.6031809
0.60798827
0.6124971
0.61665831
0.62045117
0.62387491
0.62694195
0.62967282
0.63209251
0.63422794
0.6361063
0.63775397
0.63919591
0.64045525
0.64155318
0.6425089
0.64333968
0.64406095
0.64468643
0.64522827
0.6456972
0.64610267
0.64645296
0.64675535
0.64701619
0.64724103
0.6474347
0.64760143
0.64774487
0.64786822
0.64797422
0.64806529
0.64814349
0.64821061
0.64826821
0.64831763
0.64836002
0.64839639
0.64842758
0.64845435
0.64847732
0.64849705
0.648514
0.64852858
0.64854114
0.64855196
0.64856131
0.6485694
0.64857642
0.64858253
0.64858786
0.64859252
0.64859663
0.64860027
0.64860349
0.64860638
0.64860898
0.64861133
0.64861348
0.64861546
0.64861729
0.64861901
0.64862062
0.64862212
0.64862357
0.64862498
0.64862638
0.64862775
0.64862912
0.64863047
0.64863183
0.64863318
0.64863454
0.64863591
0.64863729
0.64863869
0.64864009
0.64864151
0.64864295
0.6486444
0.64864587
0.64864735
0.64864885
0.64865037
0.6486519
0.64865344
0.64865499
0.64865654
0.6486581
0.64865967
0.64866125
0.64866285
0.64866444
0.64866605
0.64866765
0.64866926
0.64867087
0.64867248
0.64867409
0.64867569
0.6486773
0.6486789
0.64868049
0.64868208
0.64868367
0.64868525
0.64868683
0.6486884
0.64868996
0.64869152
0.64869308
0.64869463
0.64869618
0.64869772
0.64869926
0.64870079
0.64870233
0.64870386
0.64870539
0.64870691
0.64870844
0.64870996
0.64871148
0.64871301
0.64871453
0.64871605
0.64871757
0.64871909
0.64872062
0.64872214
0.64872366
0.64872518
0.64872671
0.64872823
0.64872975
0.64873128
0.6487328
0.64873433
0.64873585
0.64873738
0.6487389
0.64874043
0.64874196
0.64874348
0.64874501
0.64874654
0.64874806
0.64874959
0.64875111
0.64875264
0.64875417
0.64875569
0.64875722
0.64875874
0.64876027
0.6487618
0.64876332
0.64876485
0.64876637
0.64876789
0.64876942
0.64877094
0.64877247
0.64877399
0.64877551
0.64877703
0.64877856
0.64878008
0.6487816
0.64878312
0.64878465
0.64878617
0.64878769
0.64878921
0.64879074
0.64879226
0.64879378
0.64879531
0.64879683
0.64879835
0.64879988
0.64880141
0.64880294
0.64880447
0.648806
0.64880754
0.64880907
0.64881061
0.64881216
0.6488137
0.57320342
0.57831721
0.58616628
0.59585436
0.60643921
0.61712019
0.6273283
0.63672929
0.64517653
0.65264966
0.65920065
0.66491532
0.66988944
0.67421608
0.67797981
0.68125497
0.68410592
0.68658807
0.68874908
0.69063012
0.69226681
0.69369015
0.69492716
0.69600144
0.69693367
0.69774195
0.69844216
0.6990482
0.69957226
0.70002501
0.70041578
0.70075273
0.70104298
0.70129274
0.70150744
0.70169178
0.70184987
0.70198528
0.70210111
0.70220003
0.70228439
0.7023562
0.70241721
0.70246892
0.70251264
0.7025495
0.70258047
0.70260638
0.70262796
0.70264583
0.70266053
0.7026725
0.70268216
0.70268983
0.7026958
0.70270033
0.70270362
0.70270587
0.70270721
0.7027078
0.70270774
0.70270713
0.70270606
0.70270459
0.70270278
0.70270069
0.70269835
0.70269582
0.70269312
0.70269027
0.70268731
0.70268425
0.70268111
0.70267788
0.70267457
0.70267121
0.70266782
0.70266439
0.70266095
0.70265749
0.70265403
0.70265057
0.70264711
0.70264366
0.70264023
0.7026368
0.7026334
0.70263001
0.70262665
0.7026233
0.70261998
0.70261667
0.70261339
0.70261012
0.70260688
0.70260365
0.70260044
0.70259724
0.70259405
0.70259086
0.70258769
0.70258452
0.70258136
0.7025782
0.70257505
0.7025719
0.70256875
0.70256561
0.70256247
0.70255933
0.70255618
0.70255304
0.7025499
0.70254675
0.7025436
0.70254045
0.7025373
0.70253415
0.70253099
0.70252784
0.70252468
0.70252152
0.70251836
0.70251519
0.70251203
0.70250886
0.70250569
0.70250252
0.70249935
0.70249618
0.70249301
0.70248984
0.70248667
0.70248351
0.70248034
0.70247717
0.70247401
0.70247084
0.70246768
0.70246452
0.70246136
0.70245821
0.70245505
0.7024519
0.70244875
0.7024456
0.70244246
0.70243931
0.70243617
0.70243303
0.70242989
0.70242675
0.70242362
0.70242049
0.70241735
0.70241422
0.7024111
0.70240797
0.70240484
0.70240172
0.7023986
0.70239547
0.70239235
0.70238923
0.70238612
0.702383
0.70237988
0.70237677
0.70237366
0.70237055
0.70236743
0.70236433
0.70236122
0.70235811
0.702355
0.7023519
0.7023488
0.7023457
0.70234259
0.7023395
0.7023364
0.7023333
0.70233021
0.70232711
0.70232402
0.70232093
0.70231784
0.70231475
0.70231167
0.70230859
0.70230551
0.70230243
0.70229935
0.70229628
0.70229321
0.70229014
0.70228708
0.70228402
0.70228097
0.70227792
0.71424459
0.71420842
0.71418368
0.71418962
0.71426947
0.71448792
0.71491199
0.71558846
0.71653068
0.71771857
0.71910743
0.72063978
0.7222557
0.72390013
0.72552678
0.72709965
0.7285927
0.72998878
0.73127809
0.73245658
0.73352452
0.73448527
0.73534426
0.73610823
0.73678459
0.73738103
0.73790515
0.73836433
0.73876551
0.73911515
0.73941921
0.73968307
0.73991162
0.74010923
0.7402798
0.74042678
0.74055324
0.74066186
0.740755
0.74083475
0.7409029
0.74096104
0.74101054
0.74105259
0.74108822
0.74111834
0.74114372
0.74116502
0.74118283
0.74119765
0.7412099
0.74121996
0.74122815
0.74123473
0.74123993
0.74124398
0.74124702
0.74124922
0.74125069
0.74125155
0.74125188
0.74125177
0.74125128
0.74125047
0.7412494
0.74124809
0.74124659
0.74124492
0.74124312
0.7412412
0.74123919
0.7412371
0.74123494
0.74123273
0.74123045
0.74122813
0.74122577
0.74122339
0.74122099
0.74121857
0.74121615
0.74121373
0.74121131
0.74120889
0.74120649
0.74120409
0.7412017
0.74119933
0.74119697
0.74119462
0.74119229
0.74118997
0.74118767
0.74118539
0.74118311
0.74118085
0.74117861
0.74117637
0.74117415
0.74117193
0.74116971
0.7411675
0.74116529
0.74116309
0.74116089
0.7411587
0.7411565
0.74115431
0.74115212
0.74114993
0.74114774
0.74114555
0.74114336
0.74114117
0.74113898
0.74113678
0.74113459
0.74113239
0.74113019
0.74112799
0.74112579
0.74112358
0.74112138
0.74111917
0.74111697
0.74111476
0.74111255
0.74111034
0.74110813
0.74110592
0.74110371
0.7411015
0.74109929
0.74109707
0.74109486
0.74109266
0.74109045
0.74108824
0.74108603
0.74108383
0.74108162
0.74107942
0.74107722
0.74107502
0.74107282
0.74107062
0.74106842
0.74106623
0.74106404
0.74106184
0.74105965
0.74105746
0.74105527
0.74105308
0.74105089
0.74104871
0.74104652
0.74104434
0.74104215
0.74103997
0.74103779
0.7410356
0.74103342
0.74103124
0.74102906
0.74102688
0.74102471
0.74102253
0.74102035
0.74101818
0.741016
0.74101383
0.74101165
0.74100948
0.74100731
0.74100513
0.74100296
0.74100079
0.74099862
0.74099645
0.74099429
0.74099212
0.74098995
0.74098779
0.74098562
0.74098346
0.7409813
0.74097914
0.74097698
0.74097482
0.74097266
0.74097051
0.74096835
0.7409662
0.74096405
0.74096191
0.74095976
0.74095762
0.74095548
0.74095335
0.71428577
0.71429181
0.7143491
0.71458333
0.71518365
0.71632591
0.71810032
0.7204886
0.72338651
0.72664459
0.73010511
0.73362633
0.73709403
0.74042405
0.74355977
0.74646735
0.74913058
0.75154613
0.75371966
0.75566271
0.75739037
0.75891961
0.76026808
0.7614533
0.76249214
0.76340048
0.76419303
0.76488326
0.76548339
0.7660044
0.76645611
0.76684727
0.76718562
0.76747799
0.76773039
0.76794811
0.76813577
0.7682974
0.76843653
0.76855622
0.76865913
0.76874758
0.76882358
0.76888886
0.76894493
0.76899308
0.76903445
0.76906998
0.76910052
0.76912679
0.76914939
0.76916887
0.76918568
0.7692002
0.76921277
0.76922368
0.76923317
0.76924146
0.76924872
0.76925511
0.76926076
0.76926578
0.76927026
0.76927428
0.76927793
0.76928124
0.76928428
0.76928709
0.76928971
0.76929216
0.76929447
0.76929667
0.76929878
0.7693008
0.76930276
0.76930468
0.76930657
0.76930844
0.76931028
0.76931212
0.76931395
0.76931577
0.76931759
0.76931941
0.76932123
0.76932306
0.7693249
0.76932674
0.76932859
0.76933045
0.76933232
0.7693342
0.76933609
0.76933799
0.7693399
0.76934181
0.76934373
0.76934566
0.7693476
0.76934954
0.76935149
0.76935343
0.76935539
0.76935734
0.7693593
0.76936126
0.76936323
0.76936519
0.76936715
0.76936911
0.76937107
0.76937303
0.76937498
0.76937693
0.76937888
0.76938083
0.76938277
0.7693847
0.76938663
0.76938856
0.76939049
0.76939241
0.76939433
0.76939624
0.76939815
0.76940006
0.76940196
0.76940387
0.76940577
0.76940767
0.76940957
0.76941146
0.76941336
0.76941525
0.76941714
0.76941903
0.76942092
0.76942281
0.76942469
0.76942658
0.76942847
0.76943035
0.76943223
0.76943412
0.769436
0.76943788
0.76943976
0.76944164
0.76944352
0.7694454
0.76944727
0.76944915
0.76945102
0.7694529
0.76945477
0.76945664
0.76945851
0.76946038
0.76946225
0.76946412
0.76946599
0.76946785
0.76946972
0.76947158
0.76947344
0.76947531
0.76947717
0.76947902
0.76948088
0.76948274
0.76948459
0.76948645
0.7694883
0.76949015
0.76949201
0.76949386
0.7694957
0.76949755
0.7694994
0.76950124
0.76950309
0.76950493
0.76950677
0.76950862
0.76951046
0.7695123
0.76951414
0.76951598
0.76951782
0.76951966
0.76952149
0.76952333
0.76952517
0.76952701
0.76952885
0.7695307
0.76953254
0.76953439
0.76953624
0.76953808
0.71428921
0.71439521
0.71495879
0.7164876
0.71934589
0.72357705
0.7289398
0.73505035
0.74151393
0.74800051
0.75426989
0.76016719
0.76560604
0.77054981
0.77499537
0.77896067
0.78247583
0.7855771
0.78830296
0.79069169
0.79277985
0.79460156
0.79618807
0.7975677
0.79876584
0.79980514
0.8007057
0.80148525
0.80215944
0.80274199
0.80324493
0.80367879
0.80405278
0.8043749
0.80465214
0.80489058
0.80509551
0.8052715
0.80542254
0.80555208
0.80566309
0.80575817
0.80583954
0.80590914
0.80596862
0.80601942
0.80606279
0.80609977
0.8061313
0.80615816
0.80618103
0.80620048
0.80621702
0.80623107
0.806243
0.80625312
0.8062617
0.80626898
0.80627513
0.80628035
0.80628476
0.80628848
0.80629163
0.80629428
0.80629653
0.80629842
0.80630001
0.80630136
0.80630249
0.80630345
0.80630426
0.80630495
0.80630554
0.80630604
0.80630648
0.80630686
0.8063072
0.80630751
0.80630779
0.80630806
0.80630831
0.80630856
0.80630881
0.80630906
0.80630932
0.80630959
0.80630986
0.80631014
0.80631044
0.80631075
0.80631108
0.80631142
0.80631177
0.80631214
0.80631252
0.80631291
0.80631332
0.80631374
0.80631416
0.8063146
0.80631504
0.80631549
0.80631594
0.8063164
0.80631687
0.80631733
0.8063178
0.80631828
0.80631875
0.80631922
0.80631969
0.80632016
0.80632063
0.8063211
0.80632157
0.80632203
0.80632249
0.80632295
0.80632341
0.80632386
0.80632431
0.80632476
0.8063252
0.80632565
0.80632609
0.80632653
0.80632697
0.8063274
0.80632784
0.80632827
0.80632871
0.80632914
0.80632957
0.80633
0.80633044
0.80633087
0.8063313
0.80633173
0.80633216
0.8063326
0.80633303
0.80633346
0.8063339
0.80633433
0.80633476
0.8063352
0.80633563
0.80633607
0.80633651
0.80633694
0.80633738
0.80633782
0.80633825
0.80633869
0.80633913
0.80633957
0.80634
0.80634044
0.80634088
0.80634132
0.80634176
0.8063422
0.80634263
0.80634307
0.80634351
0.80634395
0.80634439
0.80634482
0.80634526
0.8063457
0.80634614
0.80634658
0.80634701
0.80634745
0.80634789
0.80634833
0.80634876
0.8063492
0.80634964
0.80635008
0.80635052
0.80635095
0.80635139
0.80635183
0.80635227
0.80635271
0.80635315
0.80635359
0.80635403
0.80635447
0.80635492
0.80635536
0.80635581
0.80635626
0.80635671
0.80635716
0.80635762
0.80635808
0.80635854
0.80635901
0.71443227
0.71587517
0.71992391
0.72692984
0.73625814
0.74685583
0.75774723
0.76824477
0.77795549
0.78670688
0.79446546
0.8012745
0.80721359
0.81237505
0.81685125
0.82072857
0.82408492
0.8269892
0.82950171
0.83167487
0.83355414
0.8351789
0.83658324
0.83779667
0.83884476
0.83974966
0.84053057
0.84120415
0.84178484
0.84228515
0.84271595
0.84308665
0.84340543
0.84367936
0.84391458
0.84411639
0.8442894
0.84443758
0.84456439
0.84467279
0.84476536
0.84484433
0.8449116
0.84496884
0.84501746
0.84505869
0.8450936
0.84512309
0.84514794
0.84516883
0.84518633
0.84520093
0.84521307
0.8452231
0.84523133
0.84523804
0.84524344
0.84524773
0.84525109
0.84525364
0.84525552
0.84525682
0.84525764
0.84525804
0.84525809
0.84525785
0.84525736
0.84525665
0.84525578
0.84525475
0.8452536
0.84525235
0.84525102
0.84524961
0.84524815
0.84524663
0.84524507
0.84524347
0.84524185
0.84524021
0.84523855
0.84523689
0.84523523
0.84523357
0.84523192
0.84523027
0.84522864
0.84522702
0.84522541
0.84522381
0.84522223
0.84522067
0.84521912
0.84521758
0.84521606
0.84521456
0.84521307
0.84521159
0.84521012
0.84520866
0.84520722
0.84520577
0.84520434
0.8452029
0.84520147
0.84520005
0.84519863
0.84519721
0.84519579
0.84519437
0.84519295
0.84519154
0.84519012
0.8451887
0.84518728
0.84518586
0.84518443
0.84518301
0.84518158
0.84518015
0.84517872
0.84517729
0.84517586
0.84517443
0.84517299
0.84517155
0.84517012
0.84516868
0.84516724
0.8451658
0.84516436
0.84516292
0.84516148
0.84516003
0.84515859
0.84515715
0.84515571
0.84515428
0.84515284
0.8451514
0.84514996
0.84514853
0.84514709
0.84514566
0.84514422
0.84514279
0.84514136
0.84513993
0.8451385
0.84513707
0.84513564
0.84513421
0.84513278
0.84513136
0.84512993
0.84512851
0.84512708
0.84512566
0.84512423
0.84512281
0.84512139
0.84511996
0.84511854
0.84511712
0.8451157
0.84511428
0.84511286
0.84511144
0.84511002
0.8451086
0.84510718
0.84510576
0.84510434
0.84510292
0.84510151
0.84510009
0.84509867
0.84509726
0.84509584
0.84509442
0.84509301
0.84509159
0.84509018
0.84508877
0.84508736
0.84508594
0.84508453
0.84508312
0.84508171
0.84508031
0.8450789
0.8450775
0.8450761
0.8450747
0.8450733
0.8450719
0.84507051
0.84506912
0.84506773
0.84506635
0.71934249
0.73246663
0.74976276
0.76770604
0.78419924
0.79843845
0.81038372
0.82031689
0.82859307
0.83553557
0.8414065
0.84640875
0.85069742
0.8543918
0.85758509
0.8603516
0.8627518
0.86483579
0.86664577
0.86821768
0.86958241
0.87076671
0.87179381
0.87268396
0.87345486
0.87412196
0.87469876
0.87519708
0.87562722
0.8759982
0.87631786
0.87659306
0.87682976
0.87703315
0.87720775
0.87735749
0.87748575
0.87759551
0.87768931
0.87776937
0.8778376
0.87789567
0.877945
0.87798684
0.87802223
0.87805211
0.87807726
0.87809836
0.878116
0.87813068
0.87814283
0.87815282
0.87816097
0.87816755
0.87817279
0.87817689
0.87818002
0.87818233
0.87818393
0.87818495
0.87818546
0.87818554
0.87818526
0.87818467
0.87818382
0.87818276
0.87818151
0.87818011
0.87817857
0.87817693
0.8781752
0.87817339
0.87817152
0.8781696
0.87816763
0.87816562
0.87816358
0.8781615
0.8781594
0.87815729
0.87815516
0.87815303
0.8781509
0.87814877
0.87814665
0.87814453
0.87814242
0.87814032
0.87813824
0.87813616
0.8781341
0.87813205
0.87813001
0.87812799
0.87812598
0.87812398
0.878122
0.87812002
0.87811806
0.8781161
0.87811415
0.87811221
0.87811027
0.87810834
0.87810641
0.87810448
0.87810256
0.87810063
0.87809871
0.87809679
0.87809487
0.87809295
0.87809103
0.87808911
0.87808719
0.87808527
0.87808335
0.87808142
0.8780795
0.87807757
0.87807565
0.87807372
0.87807179
0.87806987
0.87806794
0.87806601
0.87806408
0.87806215
0.87806021
0.87805828
0.87805635
0.87805442
0.87805249
0.87805056
0.87804863
0.8780467
0.87804477
0.87804284
0.87804091
0.87803898
0.87803706
0.87803513
0.87803321
0.87803128
0.87802936
0.87802744
0.87802551
0.87802359
0.87802167
0.87801976
0.87801784
0.87801592
0.878014
0.87801209
0.87801017
0.87800826
0.87800635
0.87800443
0.87800252
0.87800061
0.8779987
0.87799679
0.87799488
0.87799297
0.87799106
0.87798915
0.87798724
0.87798533
0.87798343
0.87798152
0.87797961
0.87797771
0.8779758
0.8779739
0.87797199
0.87797009
0.87796819
0.87796628
0.87796438
0.87796248
0.87796058
0.87795868
0.87795678
0.87795488
0.87795298
0.87795109
0.87794919
0.8779473
0.8779454
0.87794351
0.87794162
0.87793973
0.87793784
0.87793595
0.87793407
0.87793218
0.8779303
0.87792843
0.87792655
0.87792468
0.85710405
0.85709855
0.8572659
0.85786052
0.85909231
0.86100859
0.86350694
0.86640961
0.86952962
0.87270721
0.87582206
0.8787921
0.88156679
0.88411952
0.88644061
0.88853187
0.89040248
0.89206601
0.89353838
0.89483643
0.89597702
0.89697642
0.89784997
0.89861189
0.8992752
0.89985167
0.9003519
0.90078537
0.90116049
0.90148473
0.90176467
0.90200608
0.90221406
0.90239306
0.90254694
0.90267912
0.90279254
0.90288976
0.90297302
0.90304425
0.90310512
0.90315709
0.9032014
0.90323915
0.90327125
0.90329852
0.90332166
0.90334124
0.9033578
0.90337177
0.90338353
0.9033934
0.90340166
0.90340854
0.90341426
0.90341899
0.90342287
0.90342603
0.90342858
0.90343062
0.90343222
0.90343344
0.90343435
0.90343499
0.90343541
0.90343564
0.90343571
0.90343564
0.90343546
0.90343519
0.90343483
0.90343441
0.90343394
0.90343342
0.90343287
0.90343229
0.90343167
0.90343104
0.90343038
0.90342972
0.90342904
0.90342837
0.90342769
0.90342701
0.90342633
0.90342566
0.903425
0.90342434
0.9034237
0.90342306
0.90342243
0.90342181
0.90342119
0.90342059
0.90342
0.90341941
0.90341884
0.90341827
0.90341771
0.90341715
0.9034166
0.90341606
0.90341552
0.90341498
0.90341445
0.90341392
0.90341338
0.90341285
0.90341232
0.9034118
0.90341127
0.90341074
0.90341021
0.90340968
0.90340915
0.90340862
0.90340808
0.90340755
0.90340701
0.90340648
0.90340594
0.9034054
0.90340486
0.90340432
0.90340378
0.90340324
0.90340269
0.90340215
0.9034016
0.90340106
0.90340051
0.90339996
0.90339942
0.90339887
0.90339832
0.90339777
0.90339723
0.90339668
0.90339613
0.90339559
0.90339504
0.90339449
0.90339395
0.9033934
0.90339285
0.90339231
0.90339176
0.90339122
0.90339067
0.90339013
0.90338958
0.90338904
0.90338849
0.90338795
0.90338741
0.90338686
0.90338632
0.90338577
0.90338523
0.90338469
0.90338414
0.9033836
0.90338306
0.90338251
0.90338197
0.90338142
0.90338088
0.90338034
0.90337979
0.90337925
0.9033787
0.90337816
0.90337761
0.90337707
0.90337653
0.90337598
0.90337544
0.90337489
0.90337435
0.9033738
0.90337326
0.90337272
0.90337217
0.90337163
0.90337108
0.90337054
0.90337
0.90336946
0.90336891
0.90336837
0.90336783
0.90336729
0.90336675
0.90336621
0.90336568
0.90336514
0.90336461
0.90336408
0.90336355
0.90336302
0.85714771
0.85734225
0.85831175
0.86058226
0.86420075
0.86882948
0.87401296
0.87935238
0.88456358
0.88947159
0.89398439
0.89806598
0.90171535
0.90495171
0.90780486
0.91030922
0.91250023
0.91441224
0.91607744
0.91752534
0.91878259
0.91987302
0.92081781
0.92163566
0.92234303
0.92295436
0.92348229
0.92393787
0.92433075
0.92466931
0.92496089
0.92521182
0.92542765
0.92561316
0.92577251
0.92590931
0.92602668
0.92612731
0.92621355
0.9262874
0.92635063
0.92640472
0.92645097
0.9264905
0.92652428
0.92655313
0.92657776
0.92659878
0.92661673
0.92663204
0.92664511
0.92665626
0.92666578
0.92667392
0.92668087
0.92668682
0.92669191
0.92669628
0.92670004
0.92670327
0.92670606
0.92670848
0.92671058
0.92671241
0.92671401
0.92671543
0.92671668
0.9267178
0.92671881
0.92671972
0.92672055
0.92672132
0.92672203
0.92672269
0.92672333
0.92672393
0.92672451
0.92672507
0.92672562
0.92672615
0.92672667
0.9267272
0.92672772
0.92672824
0.92672876
0.92672928
0.92672982
0.92673035
0.9267309
0.92673145
0.92673201
0.92673257
0.92673314
0.92673373
0.92673431
0.92673491
0.92673551
0.92673612
0.92673674
0.92673735
0.92673798
0.92673861
0.92673924
0.92673987
0.92674051
0.92674114
0.92674178
0.92674242
0.92674306
0.9267437
0.92674433
0.92674497
0.92674561
0.92674624
0.92674687
0.92674751
0.92674814
0.92674876
0.92674939
0.92675002
0.92675064
0.92675126
0.92675188
0.9267525
0.92675311
0.92675373
0.92675434
0.92675495
0.92675556
0.92675617
0.92675678
0.92675739
0.92675799
0.9267586
0.9267592
0.92675981
0.92676041
0.92676101
0.92676162
0.92676222
0.92676282
0.92676342
0.92676402
0.92676462
0.92676522
0.92676582
0.92676642
0.92676702
0.92676762
0.92676821
0.92676881
0.92676941
0.92677
0.9267706
0.92677119
0.92677179
0.92677238
0.92677297
0.92677356
0.92677416
0.92677475
0.92677534
0.92677593
0.92677652
0.9267771
0.92677769
0.92677828
0.92677886
0.92677945
0.92678004
0.92678062
0.9267812
0.92678179
0.92678237
0.92678295
0.92678353
0.92678411
0.92678469
0.92678527
0.92678585
0.92678643
0.926787
0.92678758
0.92678816
0.92678873
0.92678931
0.92678988
0.92679046
0.92679103
0.92679161
0.92679218
0.92679276
0.92679333
0.92679391
0.92679449
0.92679506
0.92679564
0.92679622
0.9267968
0.92679738
0.85723237
0.85860329
0.86269969
0.86944957
0.87776547
0.88652555
0.89497351
0.90271501
0.90960048
0.91561862
0.92082596
0.92530642
0.92915008
0.932443
0.93526293
0.93767812
0.93974749
0.94152148
0.94304307
0.94434885
0.9454699
0.9464327
0.94725979
0.94797042
0.94858102
0.94910566
0.9495564
0.94994356
0.95027603
0.95056145
0.95080637
0.95101645
0.95119655
0.95135087
0.95148301
0.95159608
0.95169278
0.9517754
0.95184593
0.9519061
0.95195737
0.95200102
0.95203813
0.95206964
0.95209637
0.952119
0.95213813
0.95215427
0.95216786
0.95217927
0.95218882
0.9521968
0.95220343
0.95220891
0.95221343
0.95221711
0.95222009
0.95222248
0.95222437
0.95222582
0.95222691
0.9522277
0.95222823
0.95222854
0.95222867
0.95222864
0.95222848
0.95222821
0.95222785
0.95222741
0.95222691
0.95222636
0.95222576
0.95222512
0.95222446
0.95222377
0.95222305
0.95222231
0.95222156
0.9522208
0.95222003
0.95221926
0.95221848
0.95221771
0.95221694
0.95221618
0.95221542
0.95221467
0.95221393
0.95221319
0.95221247
0.95221175
0.95221104
0.95221034
0.95220964
0.95220896
0.95220828
0.95220761
0.95220694
0.95220629
0.95220563
0.95220499
0.95220434
0.9522037
0.95220306
0.95220242
0.95220179
0.95220115
0.95220052
0.95219988
0.95219925
0.95219861
0.95219798
0.95219734
0.95219671
0.95219607
0.95219543
0.95219479
0.95219415
0.95219351
0.95219287
0.95219223
0.95219158
0.95219094
0.95219029
0.95218964
0.952189
0.95218835
0.9521877
0.95218705
0.9521864
0.95218575
0.95218509
0.95218444
0.95218379
0.95218314
0.95218249
0.95218183
0.95218118
0.95218053
0.95217988
0.95217923
0.95217857
0.95217792
0.95217727
0.95217662
0.95217597
0.95217532
0.95217466
0.95217401
0.95217336
0.95217271
0.95217206
0.95217141
0.95217075
0.9521701
0.95216945
0.9521688
0.95216815
0.9521675
0.95216684
0.95216619
0.95216554
0.95216489
0.95216423
0.95216358
0.95216293
0.95216227
0.95216162
0.95216097
0.95216031
0.95215966
0.95215901
0.95215835
0.9521577
0.95215704
0.95215639
0.95215573
0.95215508
0.95215442
0.95215377
0.95215311
0.95215246
0.9521518
0.95215115
0.95215049
0.95214984
0.95214918
0.95214853
0.95214787
0.95214722
0.95214657
0.95214592
0.95214526
0.95214461
0.95214396
0.95214332
0.95214267
0.95214202
0.95214138
0.85846717
0.86596127
0.87880187
0.89337737
0.90714856
0.91907837
0.92900273
0.9371172
0.94371603
0.94908573
0.95347094
0.95706963
0.96003839
0.96250011
0.96455121
0.96626764
0.96770956
0.96892494
0.96995237
0.97082305
0.97156243
0.97219138
0.97272715
0.97318405
0.973574
0.97390702
0.97419154
0.97443465
0.97464239
0.97481988
0.97497146
0.97510087
0.97521126
0.97530536
0.97538549
0.97545364
0.97551153
0.97556062
0.97560216
0.97563725
0.97566681
0.97569163
0.9757124
0.9757297
0.97574405
0.97575586
0.97576551
0.97577332
0.97577955
0.97578445
0.97578821
0.97579099
0.97579295
0.97579421
0.97579488
0.97579503
0.97579476
0.97579413
0.97579318
0.97579198
0.97579056
0.97578895
0.97578718
0.97578528
0.97578327
0.97578116
0.97577898
0.97577673
0.97577442
0.97577207
0.97576968
0.97576726
0.97576481
0.97576235
0.97575985
0.97575733
0.97575479
0.97575224
0.97574967
0.9757471
0.97574452
0.97574194
0.97573936
0.97573678
0.9757342
0.97573163
0.97572907
0.97572651
0.97572395
0.97572141
0.97571887
0.97571634
0.97571382
0.9757113
0.97570879
0.97570629
0.9757038
0.97570131
0.97569883
0.97569635
0.97569388
0.97569141
0.97568895
0.97568649
0.97568403
0.97568157
0.97567912
0.97567666
0.9756742
0.97567175
0.9756693
0.97566684
0.97566439
0.97566193
0.97565948
0.97565702
0.97565457
0.97565211
0.97564966
0.9756472
0.97564474
0.97564229
0.97563983
0.97563737
0.97563491
0.97563246
0.97563
0.97562754
0.97562508
0.97562262
0.97562016
0.9756177
0.97561524
0.97561278
0.97561032
0.97560786
0.9756054
0.97560294
0.97560048
0.97559802
0.97559556
0.9755931
0.97559064
0.97558819
0.97558573
0.97558327
0.97558081
0.97557836
0.9755759
0.97557345
0.97557099
0.97556854
0.97556608
0.97556363
0.97556117
0.97555872
0.97555627
0.97555381
0.97555136
0.97554891
0.97554645
0.975544
0.97554155
0.97553909
0.97553664
0.97553419
0.97553174
0.97552929
0.97552683
0.97552438
0.97552193
0.97551948
0.97551703
0.97551458
0.97551213
0.97550968
0.97550723
0.97550477
0.97550232
0.97549987
0.97549742
0.97549498
0.97549253
0.97549008
0.97548763
0.97548518
0.97548273
0.97548028
0.97547784
0.97547539
0.97547294
0.9754705
0.97546805
0.97546561
0.97546316
0.97546072
0.97545828
0.97545584
0.9754534
0.97545096
0.87267064
0.89941844
0.92349012
0.94162257
0.95456304
0.9637343
0.97031134
0.97511548
0.97869455
0.98141173
0.98351021
0.98515558
0.98646279
0.9875132
0.98836551
0.98906285
0.98963743
0.9901137
0.99051046
0.99084237
0.99112097
0.99135548
0.99155331
0.99172049
0.99186192
0.99198166
0.99208307
0.99216896
0.99224165
0.99230312
0.99235504
0.99239879
0.99243559
0.99246644
0.9924922
0.99251362
0.99253131
0.99254583
0.99255762
0.99256708
0.99257455
0.99258032
0.99258464
0.99258772
0.99258973
0.99259084
0.99259117
0.99259085
0.99258997
0.99258861
0.99258685
0.99258474
0.99258234
0.99257969
0.99257683
0.99257379
0.99257059
0.99256727
0.99256384
0.99256032
0.99255673
0.99255307
0.99254935
0.99254559
0.99254179
0.99253795
0.99253409
0.99253021
0.99252631
0.99252239
0.99251846
0.99251452
0.99251057
0.99250662
0.99250264
0.99249865
0.99249465
0.99249064
0.99248663
0.99248261
0.99247859
0.99247456
0.99247054
0.99246652
0.99246251
0.9924585
0.99245449
0.99245049
0.99244649
0.9924425
0.99243851
0.99243453
0.99243055
0.99242658
0.99242262
0.99241866
0.99241471
0.99241076
0.99240681
0.99240287
0.99239894
0.99239501
0.99239108
0.99238715
0.99238323
0.9923793
0.99237538
0.99237146
0.99236754
0.99236362
0.9923597
0.99235578
0.99235186
0.99234795
0.99234403
0.99234012
0.9923362
0.99233229
0.99232838
0.99232446
0.99232055
0.99231664
0.99231273
0.99230882
0.99230491
0.992301
0.99229709
0.99229319
0.99228928
0.99228537
0.99228147
0.99227756
0.99227366
0.99226975
0.99226585
0.99226195
0.99225805
0.99225414
0.99225024
0.99224635
0.99224245
0.99223855
0.99223466
0.99223076
0.99222687
0.99222297
0.99221908
0.99221519
0.9922113
0.99220741
0.99220352
0.99219963
0.99219575
0.99219186
0.99218798
0.99218409
0.99218021
0.99217633
0.99217245
0.99216857
0.99216469
0.99216081
0.99215693
0.99215305
0.99214918
0.9921453
0.99214143
0.99213755
0.99213368
0.99212981
0.99212593
0.99212206
0.99211819
0.99211432
0.99211046
0.99210659
0.99210272
0.99209886
0.99209499
0.99209113
0.99208726
0.9920834
0.99207954
0.99207568
0.99207182
0.99206796
0.9920641
0.99206024
0.99205639
0.99205253
0.99204868
0.99204482
0.99204097
0.99203712
0.99203327
0.99202942
0.99202557
0.99202173
0.99201788
0.99201404
0.99996754
0.99995327
0.99994913
0.99994892
0.99994984
0.99995084
0.99995158
0.99995196
0.99995199
0.99995171
0.99995115
0.99995033
0.99994929
0.99994805
0.99994662
0.99994502
0.99994326
0.99994135
0.99993931
0.99993714
0.99993486
0.99993246
0.99992996
0.99992737
0.99992469
0.99992193
0.9999191
0.9999162
0.99991323
0.99991021
0.99990713
0.99990401
0.99990085
0.99989765
0.99989441
0.99989114
0.99988784
0.99988452
0.99988118
0.99987782
0.99987444
0.99987104
0.99986763
0.99986421
0.99986078
0.99985734
0.9998539
0.99985044
0.99984698
0.99984352
0.99984005
0.99983658
0.99983311
0.99982963
0.99982615
0.99982267
0.99981919
0.99981571
0.99981223
0.99980875
0.99980527
0.99980179
0.99979831
0.99979483
0.99979135
0.99978787
0.9997844
0.99978092
0.99977744
0.99977397
0.9997705
0.99976702
0.99976355
0.99976008
0.9997566
0.99975311
0.99974963
0.99974614
0.99974265
0.99973916
0.99973567
0.99973218
0.99972869
0.99972521
0.99972172
0.99971824
0.99971477
0.99971129
0.99970782
0.99970435
0.99970089
0.99969742
0.99969396
0.99969051
0.99968706
0.99968361
0.99968016
0.99967672
0.99967328
0.99966984
0.9996664
0.99966297
0.99965954
0.99965611
0.99965268
0.99964926
0.99964584
0.99964241
0.99963899
0.99963557
0.99963215
0.99962873
0.99962532
0.9996219
0.99961849
0.99961508
0.99961167
0.99960826
0.99960485
0.99960144
0.99959804
0.99959463
0.99959123
0.99958783
0.99958443
0.99958103
0.99957763
0.99957423
0.99957084
0.99956744
0.99956405
0.99956066
0.99955726
0.99955388
0.99955049
0.9995471
0.99954371
0.99954033
0.99953695
0.99953357
0.99953019
0.99952681
0.99952343
0.99952005
0.99951668
0.9995133
0.99950993
0.99950656
0.99950319
0.99949982
0.99949645
0.99949309
0.99948972
0.99948636
0.999483
0.99947964
0.99947628
0.99947292
0.99946956
0.99946621
0.99946285
0.9994595
0.99945615
0.9994528
0.99944945
0.9994461
0.99944275
0.99943941
0.99943606
0.99943272
0.99942938
0.99942604
0.9994227
0.99941936
0.99941602
0.99941269
0.99940935
0.99940602
0.99940269
0.99939936
0.99939603
0.9993927
0.99938937
0.99938604
0.99938272
0.9993794
0.99937607
0.99937275
0.99936943
0.99936611
0.9993628
0.99935948
0.99935616
0.99935285
0.99934954
0.99934623
0.99934292
0.99933961
0.9993363
0.99933299
0.99999999
0.99999998
0.99999998
0.99999997
0.99999996
0.99999996
0.99999995
0.99999994
0.99999993
0.99999992
0.99999991
0.99999989
0.99999988
0.99999986
0.99999984
0.99999982
0.9999998
0.99999977
0.99999975
0.99999972
0.99999969
0.99999965
0.99999962
0.99999958
0.99999954
0.9999995
0.99999946
0.99999941
0.99999937
0.99999932
0.99999926
0.99999921
0.99999915
0.99999909
0.99999903
0.99999897
0.9999989
0.99999884
0.99999877
0.99999869
0.99999862
0.99999854
0.99999846
0.99999838
0.9999983
0.99999822
0.99999813
0.99999804
0.99999795
0.99999785
0.99999776
0.99999766
0.99999756
0.99999746
0.99999736
0.99999725
0.99999714
0.99999703
0.99999692
0.9999968
0.99999669
0.99999657
0.99999645
0.99999633
0.9999962
0.99999608
0.99999595
0.99999582
0.99999569
0.99999555
0.99999542
0.99999528
0.99999514
0.999995
0.99999485
0.9999947
0.99999456
0.99999441
0.99999425
0.9999941
0.99999394
0.99999378
0.99999362
0.99999346
0.99999329
0.99999313
0.99999296
0.99999279
0.99999262
0.99999244
0.99999227
0.99999209
0.99999191
0.99999173
0.99999154
0.99999136
0.99999117
0.99999098
0.99999079
0.9999906
0.9999904
0.99999021
0.99999001
0.99998981
0.99998961
0.9999894
0.9999892
0.99998899
0.99998878
0.99998857
0.99998836
0.99998814
0.99998792
0.9999877
0.99998748
0.99998726
0.99998704
0.99998681
0.99998658
0.99998635
0.99998612
0.99998589
0.99998565
0.99998542
0.99998518
0.99998494
0.9999847
0.99998445
0.99998421
0.99998396
0.99998371
0.99998346
0.9999832
0.99998295
0.99998269
0.99998243
0.99998217
0.99998191
0.99998165
0.99998138
0.99998111
0.99998084
0.99998057
0.9999803
0.99998003
0.99997975
0.99997947
0.99997919
0.99997891
0.99997863
0.99997834
0.99997806
0.99997777
0.99997748
0.99997719
0.99997689
0.9999766
0.9999763
0.999976
0.9999757
0.9999754
0.99997509
0.99997479
0.99997448
0.99997417
0.99997386
0.99997355
0.99997324
0.99997292
0.9999726
0.99997228
0.99997196
0.99997164
0.99997132
0.99997099
0.99997066
0.99997033
0.99997
0.99996967
0.99996934
0.999969
0.99996866
0.99996832
0.99996798
0.99996764
0.9999673
0.99996695
0.9999666
0.99996625
0.9999659
0.99996555
0.9999652
0.99996484
0.99996449
0.99996413
0.99996377
0.9999634
0.99996304
0.99996268
0.99996231
1
1
1
1
1
1
1
1
1
1
1
1
1
1
1
1
1
1
1
1
1
1
1
1
1
1
1
1
1
1
0.99999999
0.99999999
0.99999999
0.99999999
0.99999999
0.99999999
0.99999999
0.99999999
0.99999999
0.99999999
0.99999999
0.99999998
0.99999998
0.99999998
0.99999998
0.99999998
0.99999998
0.99999998
0.99999997
0.99999997
0.99999997
0.99999997
0.99999997
0.99999996
0.99999996
0.99999996
0.99999996
0.99999996
0.99999995
0.99999995
0.99999995
0.99999995
0.99999994
0.99999994
0.99999994
0.99999993
0.99999993
0.99999993
0.99999992
0.99999992
0.99999992
0.99999991
0.99999991
0.9999999
0.9999999
0.9999999
0.99999989
0.99999989
0.99999988
0.99999988
0.99999987
0.99999987
0.99999986
0.99999986
0.99999985
0.99999985
0.99999984
0.99999983
0.99999983
0.99999982
0.99999982
0.99999981
0.9999998
0.9999998
0.99999979
0.99999978
0.99999978
0.99999977
0.99999976
0.99999975
0.99999975
0.99999974
0.99999973
0.99999972
0.99999971
0.99999971
0.9999997
0.99999969
0.99999968
0.99999967
0.99999966
0.99999965
0.99999964
0.99999963
0.99999962
0.99999961
0.9999996
0.99999959
0.99999958
0.99999957
0.99999956
0.99999955
0.99999954
0.99999952
0.99999951
0.9999995
0.99999949
0.99999948
0.99999946
0.99999945
0.99999944
0.99999943
0.99999941
0.9999994
0.99999939
0.99999937
0.99999936
0.99999934
0.99999933
0.99999932
0.9999993
0.99999929
0.99999927
0.99999926
0.99999924
0.99999922
0.99999921
0.99999919
0.99999918
0.99999916
0.99999914
0.99999913
0.99999911
0.99999909
0.99999907
0.99999905
0.99999904
0.99999902
0.999999
0.99999898
0.99999896
0.99999894
0.99999892
0.9999989
0.99999888
0.99999886
0.99999884
0.99999882
0.9999988
0.99999878
0.99999876
0.99999874
0.99999872
0.99999869
0.99999867
0.99999865
0.99999863
0.9999986
0.99999858
0.99999856
0.99999853
0.99999851
0.99999849
0.99999846
0.99999844
0.99999841
0.99999839
0.99999836
0.99999834
0.99999831
0.99999828
0.99999826
0.99999823
0.9999982
0.99999818
0.99999815
0.99999812
0.99999809
0.99999806
0.99999804
1
1
1
1
1
1
1
1
1
1
1
1
1
1
1
1
1
1
1
1
1
1
1
1
1
1
1
1
1
1
1
1
1
1
1
1
1
1
1
1
1
1
1
1
1
1
1
1
1
1
1
1
1
1
1
1
1
1
1
1
1
1
1
1
1
1
1
1
1
1
1
1
1
1
1
1
1
1
1
1
1
1
1
1
1
1
1
1
1
0.99999999
0.99999999
0.99999999
0.99999999
0.99999999
0.99999999
0.99999999
0.99999999
0.99999999
0.99999999
0.99999999
0.99999999
0.99999999
0.99999999
0.99999999
0.99999999
0.99999999
0.99999999
0.99999999
0.99999999
0.99999999
0.99999999
0.99999999
0.99999999
0.99999999
0.99999999
0.99999999
0.99999999
0.99999998
0.99999998
0.99999998
0.99999998
0.99999998
0.99999998
0.99999998
0.99999998
0.99999998
0.99999998
0.99999998
0.99999998
0.99999998
0.99999998
0.99999998
0.99999998
0.99999997
0.99999997
0.99999997
0.99999997
0.99999997
0.99999997
0.99999997
0.99999997
0.99999997
0.99999997
0.99999997
0.99999997
0.99999996
0.99999996
0.99999996
0.99999996
0.99999996
0.99999996
0.99999996
0.99999996
0.99999996
0.99999995
0.99999995
0.99999995
0.99999995
0.99999995
0.99999995
0.99999995
0.99999995
0.99999994
0.99999994
0.99999994
0.99999994
0.99999994
0.99999994
0.99999994
0.99999993
0.99999993
0.99999993
0.99999993
0.99999993
0.99999993
0.99999993
0.99999992
0.99999992
0.99999992
0.99999992
0.99999992
0.99999991
0.99999991
0.99999991
0.99999991
0.99999991
0.99999991
0.9999999
0.9999999
0.9999999
0.9999999
0.99999989
0.99999989
0.99999989
0.99999989
0.99999989
0.99999988
0.99999988
0.99999988
0.99999988
1
1
1
1
1
1
1
1
1
1
1
1
1
1
1
1
1
1
1
1
1
1
1
1
1
1
1
1
1
1
1
1
1
1
1
1
1
1
1
1
1
1
1
1
1
1
1
1
1
1
1
1
1
1
1
1
1
1
1
1
1
1
1
1
1
1
1
1
1
1
1
1
1
1
1
1
1
1
1
1
1
1
1
1
1
1
1
1
1
1
1
1
1
1
1
1
1
1
1
1
1
1
1
1
1
1
1
1
1
1
1
1
1
1
1
1
1
1
1
1
1
1
1
1
1
1
1
1
1
1
1
1
1
1
1
1
1
1
1
1
1
1
1
1
1
1
1
1
1
1
1
1
1
1
0.99999999
0.99999999
0.99999999
0.99999999
0.99999999
0.99999999
0.99999999
0.99999999
0.99999999
0.99999999
0.99999999
0.99999999
0.99999999
0.99999999
0.99999999
0.99999999
0.99999999
0.99999999
0.99999999
0.99999999
0.99999999
0.99999999
0.99999999
0.99999999
0.99999999
0.99999999
0.99999999
0.99999999
0.99999999
0.99999999
0.99999999
0.99999999
0.99999999
0.99999999
0.99999999
0.99999999
0.99999999
0.99999999
0.99999999
0.99999998
0.99999998
0.99999998
0.99999998
0.99999998
0.99999998
0.99999998
)
;

boundaryField
{
    inlet_0
    {
        type            fixedValue;
        value           uniform 0;
    }
    inlet_1
    {
        type            fixedValue;
        value           uniform 0.14285714;
    }
    inlet_2
    {
        type            fixedValue;
        value           uniform 0.28571429;
    }
    inlet_3
    {
        type            fixedValue;
        value           uniform 0.42857143;
    }
    inlet_4
    {
        type            fixedValue;
        value           uniform 0.57142857;
    }
    inlet_5
    {
        type            fixedValue;
        value           uniform 0.71428571;
    }
    inlet_6
    {
        type            fixedValue;
        value           uniform 0.85714286;
    }
    inlet_7
    {
        type            fixedValue;
        value           uniform 1;
    }
    outlet
    {
        type            zeroGradient;
    }
    walls
    {
        type            zeroGradient;
    }
    floor
    {
        type            zeroGradient;
    }
    frontAndBack
    {
        type            empty;
    }
}


// ************************************************************************* //
