/*--------------------------------*- C++ -*----------------------------------*\
| =========                 |                                                 |
| \\      /  F ield         | OpenFOAM: The Open Source CFD Toolbox           |
|  \\    /   O peration     | Version:  2406                                  |
|   \\  /    A nd           | Website:  www.openfoam.com                      |
|    \\/     M anipulation  |                                                 |
\*---------------------------------------------------------------------------*/
FoamFile
{
    version     2.0;
    format      ascii;
    arch        "LSB;label=32;scalar=64";
    class       volScalarField;
    location    "774";
    object      T;
}
// * * * * * * * * * * * * * * * * * * * * * * * * * * * * * * * * * * * * * //

dimensions      [0 0 0 0 0 0 0];

internalField   nonuniform List<scalar> 
8000
(
2.7470473e-13
1.7259125e-12
7.6629974e-12
2.738941e-11
8.3262061e-11
2.2146262e-10
5.2617696e-10
1.1366151e-09
2.2653475e-09
4.2159299e-09
7.3978613e-09
1.233743e-08
1.9683844e-08
3.0210871e-08
4.4814798e-08
6.4509776e-08
9.0421599e-08
1.2378078e-07
1.6591549e-07
2.1824483e-07
2.822724e-07
3.5958041e-07
4.5182415e-07
5.6072674e-07
6.8807414e-07
8.3571027e-07
1.0055323e-06
1.1994856e-06
1.4195598e-06
1.6677882e-06
1.9463481e-06
2.2574339e-06
2.6032231e-06
2.9859009e-06
3.4076575e-06
3.8706848e-06
4.377174e-06
4.9293134e-06
5.5292857e-06
6.179266e-06
6.8814193e-06
7.6378986e-06
8.4508422e-06
9.3223722e-06
1.0254592e-05
1.1249584e-05
1.2309407e-05
1.3436099e-05
1.4631666e-05
1.5898091e-05
1.7237326e-05
1.8651289e-05
2.0141871e-05
2.1710926e-05
2.3360275e-05
2.5091702e-05
2.6906957e-05
2.880775e-05
3.0795758e-05
3.2872614e-05
3.5039918e-05
3.7299227e-05
3.965206e-05
4.2099898e-05
4.464418e-05
4.7286307e-05
5.0027639e-05
5.2869499e-05
5.5813167e-05
5.8859887e-05
6.2010862e-05
6.5267255e-05
6.8630192e-05
7.2100761e-05
7.568001e-05
7.9368952e-05
8.3168559e-05
8.707977e-05
9.1103485e-05
9.524057e-05
9.9491853e-05
0.00010385813
0.00010834016
0.00011293867
0.00011765435
0.00012248786
0.00012743983
0.00013251085
0.00013770149
0.00014301228
0.00014844373
0.0001539963
0.00015967045
0.00016546658
0.0001713851
0.00017742635
0.00018359067
0.00018987837
0.00019628974
0.00020282502
0.00020948446
0.00021626826
0.00022317661
0.00023020967
0.00023736758
0.00024465046
0.00025205841
0.00025959149
0.00026724978
0.0002750333
0.00028294208
0.00029097611
0.00029913536
0.00030741982
0.00031582941
0.00032436407
0.0003330237
0.00034180821
0.00035071748
0.00035975137
0.00036890973
0.00037819239
0.00038759919
0.00039712992
0.00040678439
0.00041656238
0.00042646365
0.00043648797
0.00044663509
0.00045690474
0.00046729665
0.00047781053
0.00048844609
0.00049920302
0.000510081
0.00052107973
0.00053219885
0.00054343803
0.00055479693
0.00056627517
0.00057787241
0.00058958826
0.00060142235
0.00061337428
0.00062544367
0.00063763012
0.00064993321
0.00066235255
0.0006748877
0.00068753824
0.00070030376
0.00071318381
0.00072617795
0.00073928575
0.00075250676
0.00076584051
0.00077928657
0.00079284447
0.00080651374
0.00082029392
0.00083418454
0.00084818512
0.00086229519
0.00087651428
0.00089084189
0.00090527755
0.00091982077
0.00093447106
0.00094922793
0.00096409088
0.00097905942
0.00099413306
0.0010093113
0.0010245936
0.0010399796
0.0010554686
0.0010710602
0.0010867539
0.0011025492
0.0011184456
0.0011344425
0.0011505395
0.0011667361
0.0011830317
0.0011994258
0.001215918
0.0012325077
0.0012491944
0.0012659776
0.0012828569
0.0012998316
0.0013169013
0.0013340655
0.0013513236
0.0013686752
0.0013861198
0.0014036567
0.001421284
0.0014389672
0.0014559555
4.6406871e-11
1.6464804e-10
4.4167032e-10
1.0352217e-09
2.2135669e-09
4.3946036e-09
8.1814641e-09
1.4394798e-08
2.40969e-08
3.8604257e-08
5.9487194e-08
8.8556986e-08
1.2784262e-07
1.7956051e-07
2.4608096e-07
3.2989444e-07
4.335804e-07
5.5977991e-07
7.1117288e-07
8.9045992e-07
1.1003483e-06
1.3435414e-06
1.6227314e-06
1.9405932e-06
2.2997811e-06
2.7029253e-06
3.1526301e-06
3.6514718e-06
4.2019969e-06
4.8067207e-06
5.468106e-06
6.1897133e-06
6.9744336e-06
7.8244704e-06
8.7419878e-06
9.7291167e-06
1.0787959e-05
1.1920588e-05
1.3129052e-05
1.4415368e-05
1.5781527e-05
1.7229486e-05
1.8761168e-05
2.037846e-05
2.208321e-05
2.3877223e-05
2.5762265e-05
2.7740054e-05
2.9812264e-05
3.1980521e-05
3.4246404e-05
3.6611445e-05
3.9077126e-05
4.1644883e-05
4.4316102e-05
4.7092124e-05
4.997424e-05
5.2963696e-05
5.6061691e-05
5.9269379e-05
6.258787e-05
6.6018229e-05
6.9561476e-05
7.3218593e-05
7.6990517e-05
8.0878145e-05
8.4882334e-05
8.9003902e-05
9.3243627e-05
9.7602253e-05
0.00010208048
0.00010667899
0.0001113984
0.00011623931
0.0001212023
0.00012628788
0.00013149656
0.00013682881
0.00014228507
0.00014786573
0.00015357118
0.00015940176
0.0001653578
0.00017143959
0.00017764739
0.00018398144
0.00019044196
0.00019702914
0.00020374314
0.00021058411
0.00021755216
0.00022464739
0.00023186988
0.00023921967
0.0002466968
0.00025430129
0.00026203313
0.00026989228
0.00027787872
0.00028599236
0.00029423315
0.00030260097
0.00031109572
0.00031971726
0.00032846546
0.00033734014
0.00034634115
0.00035546829
0.00036472135
0.00037410013
0.00038360439
0.0003932339
0.0004029884
0.00041286762
0.00042287129
0.00043299913
0.00044325083
0.00045362609
0.00046412459
0.00047474601
0.00048549
0.00049635622
0.00050734431
0.00051845392
0.00052968468
0.0005410362
0.0005525081
0.00056409998
0.00057581146
0.00058764211
0.00059959153
0.0006116593
0.000623845
0.00063614819
0.00064856843
0.00066110529
0.00067375833
0.00068652708
0.00069941109
0.00071240991
0.00072552307
0.00073875011
0.00075209054
0.0007655439
0.00077910971
0.00079278748
0.00080657673
0.00082047698
0.00083448772
0.00084860848
0.00086283875
0.00087717803
0.00089162583
0.00090618164
0.00092084496
0.00093561529
0.00095049211
0.00096547492
0.00098056321
0.00099575646
0.0010110542
0.0010264558
0.0010419609
0.0010575689
0.0010732793
0.0010890915
0.0011050052
0.0011210196
0.0011371344
0.001153349
0.0011696629
0.0011860756
0.0012025865
0.0012191952
0.0012359011
0.0012527037
0.0012696024
0.0012865969
0.0013036865
0.0013208707
0.001338149
0.001355521
0.001372986
0.0013905437
0.0014081933
0.0014259346
0.0014437668
0.0014616897
0.0014797025
0.0014978048
0.0015159962
0.0015342761
0.0015526439
0.0015710993
0.0015896417
0.0016082705
0.0016269854
0.0016457856
0.0016646644
0.0016832964
1.0541301e-08
2.646831e-08
4.9718331e-08
8.4030213e-08
1.3425214e-07
2.0625247e-07
3.0685236e-07
4.4380014e-07
6.2569994e-07
8.6188009e-07
1.1622099e-06
1.5368774e-06
1.9961489e-06
2.5501339e-06
3.208575e-06
3.9806787e-06
4.8749926e-06
5.8993304e-06
7.0607404e-06
8.3655093e-06
9.8191946e-06
1.1426674e-05
1.3192209e-05
1.5119507e-05
1.7211793e-05
1.9471869e-05
2.1902171e-05
2.4504823e-05
2.7281674e-05
3.0234342e-05
3.3364233e-05
3.6672036e-05
4.0173139e-05
4.3865458e-05
4.7746949e-05
5.181594e-05
5.6071095e-05
6.0511362e-05
6.5135928e-05
6.9944172e-05
7.4935615e-05
8.0109883e-05
8.5466664e-05
9.1005685e-05
9.672668e-05
0.00010262937
0.00010871345
0.00011497857
0.00012142435
0.00012805033
0.00013485601
0.00014184083
0.00014900418
0.00015634537
0.0001638637
0.00017155838
0.00017942859
0.00018747347
0.00019569211
0.00020408357
0.00021264689
0.00022138106
0.00023028505
0.00023935781
0.00024859828
0.00025800535
0.00026757794
0.00027731492
0.00028721515
0.00029727751
0.00030750085
0.00031788401
0.00032842583
0.00033912515
0.0003499808
0.0003609916
0.0003721564
0.00038347402
0.00039494329
0.00040656304
0.00041833212
0.00043024935
0.00044231358
0.00045452366
0.00046687844
0.00047937676
0.00049201751
0.00050479953
0.0005177217
0.0005307829
0.00054398203
0.00055731796
0.0005707896
0.00058439585
0.00059813564
0.00061200788
0.0006260115
0.00064014545
0.00065440867
0.00066880011
0.00068331874
0.00069796353
0.00071273345
0.00072762751
0.00074264469
0.000757784
0.00077304446
0.00078842509
0.00080392492
0.00081954299
0.00083527835
0.00085113006
0.00086709719
0.00088317881
0.00089937401
0.00091568187
0.0009321015
0.000948632
0.0009652725
0.00098202212
0.00099888
0.0010158453
0.0010329171
0.0010500946
0.001067377
0.0010847634
0.0011022531
0.0011198452
0.0011375389
0.0011553334
0.0011732279
0.0011912217
0.001209314
0.001227504
0.001245791
0.0012641741
0.0012826527
0.0013012261
0.0013198934
0.0013386541
0.0013575072
0.0013764523
0.0013954884
0.0014146151
0.0014338314
0.0014531369
0.0014725308
0.0014920124
0.001511581
0.0015312361
0.0015509769
0.0015708028
0.0015907132
0.0016107074
0.0016307848
0.0016509448
0.0016711868
0.0016915101
0.0017119141
0.0017323983
0.001752962
0.0017736047
0.0017943258
0.0018151246
0.0018360006
0.0018569533
0.001877982
0.0018990863
0.0019202655
0.0019415191
0.0019628466
0.0019842474
0.0020057209
0.0020272667
0.0020488842
0.0020705729
0.0020923323
0.0021141618
0.002136061
0.0021580293
0.0021800662
0.0022021712
0.0022243439
0.0022465837
0.0022688902
0.0022912628
0.0023137011
0.0023362047
0.0023587729
0.0023814055
0.0024041018
0.0024268615
0.002449684
0.002472569
0.002495516
0.0025185245
0.0025415941
0.0025647243
0.0025879121
0.0026109127
2.4312709e-06
4.5751432e-06
6.3906336e-06
8.1561122e-06
1.0061386e-05
1.2224641e-05
1.4726714e-05
1.7630998e-05
2.0992302e-05
2.4860095e-05
2.9279077e-05
3.4288572e-05
3.9921554e-05
4.6203806e-05
5.3153424e-05
6.0780758e-05
6.9088766e-05
7.8073702e-05
8.7726035e-05
9.8031495e-05
0.00010897214
0.00012052741
0.00013267502
0.00014539182
0.00015865441
0.0001724397
0.00018672529
0.00020148974
0.00021671272
0.00023237515
0.00024845919
0.00026494849
0.00028186258
0.00029923666
0.00031702744
0.00033519996
0.00035372604
0.00037258293
0.00039175221
0.00041121888
0.00043097055
0.00045099687
0.00047128901
0.00049183928
0.00051264082
0.00053368739
0.00055497316
0.00057649263
0.0005982405
0.00062021162
0.00064240095
0.00066480354
0.0006874145
0.000710229
0.00073324228
0.00075644961
0.00077984636
0.00080342795
0.00082718988
0.00085112772
0.00087523713
0.00089951386
0.00092395377
0.00094855277
0.0009733069
0.00099821229
0.0010232652
0.0010484618
0.0010737987
0.0010992724
0.0011248794
0.0011506164
0.0011764803
0.001202468
0.0012285762
0.0012548023
0.0012811431
0.001307596
0.0013341583
0.0013608272
0.0013876003
0.001414475
0.0014414489
0.0014685197
0.001495685
0.0015229427
0.0015502905
0.0015777263
0.0016052482
0.001632854
0.0016605418
0.0016883098
0.001716156
0.0017440788
0.0017720763
0.0018001468
0.0018282888
0.0018565004
0.0018847803
0.0019131269
0.0019415386
0.001970014
0.0019985517
0.0020271504
0.0020558086
0.002084525
0.0021132985
0.0021421277
0.0021710113
0.0021999484
0.0022289375
0.0022579778
0.002287068
0.0023162071
0.002345394
0.0023746277
0.0024039072
0.0024332316
0.0024625999
0.0024920112
0.0025214645
0.0025509591
0.002580494
0.0026100684
0.0026396814
0.0026693324
0.0026990204
0.0027287448
0.0027585048
0.0027882997
0.0028181287
0.0028479912
0.0028778865
0.0029078139
0.0029377728
0.0029677625
0.0029977825
0.0030278321
0.0030579108
0.0030880179
0.0031181529
0.0031483153
0.0031785045
0.00320872
0.0032389612
0.0032692278
0.0032995191
0.0033298347
0.0033601742
0.003390537
0.0034209227
0.0034513309
0.0034817612
0.0035122131
0.0035426862
0.0035731801
0.0036036945
0.0036342288
0.0036647828
0.0036953562
0.0037259484
0.0037565592
0.0037871882
0.0038178351
0.0038484995
0.0038791812
0.0039098797
0.0039405948
0.0039713263
0.0040020737
0.0040328367
0.0040636152
0.0040944088
0.0041252172
0.0041560402
0.0041868775
0.0042177288
0.0042485938
0.0042794724
0.0043103642
0.0043412691
0.0043721867
0.0044031169
0.0044340594
0.004465014
0.0044959804
0.0045269585
0.0045579479
0.0045889486
0.0046199603
0.0046509828
0.0046820158
0.0047130593
0.004744113
0.0047751767
0.0048062503
0.0048373335
0.0048684262
0.0048995264
0.0049303935
0.00054473253
0.00072320494
0.00074896283
0.00073054882
0.0007062066
0.00068768149
0.00067785199
0.00067681792
0.00068391057
0.00069833116
0.0007193301
0.00074623707
0.00077844892
0.00081541138
0.00085660489
0.00090153677
0.00094973827
0.0010007652
0.0010542002
0.0011096557
0.0011667764
0.0012252414
0.0012847647
0.0013450949
0.0014060146
0.0014673381
0.001528909
0.0015905976
0.001652298
0.0017139247
0.0017754105
0.0018367026
0.0018977283
0.0019588813
0.002020043
0.0020810618
0.0021418346
0.0022022946
0.0022624012
0.0023221331
0.002381482
0.0024404488
0.0024990406
0.0025572679
0.0026151435
0.0026726812
0.0027298948
0.0027867979
0.0028434033
0.002899723
0.0029557681
0.0030115489
0.0030670744
0.0031223531
0.0031773926
0.0032321999
0.0032867811
0.0033411422
0.0033952882
0.003449224
0.0035029541
0.0035564827
0.0036098136
0.0036629505
0.0037158969
0.003768656
0.003821231
0.0038736248
0.0039258402
0.0039778801
0.0040297471
0.0040814439
0.0041329729
0.0041843365
0.004235537
0.0042865767
0.0043374579
0.0043881826
0.004438753
0.0044891711
0.0045394389
0.0045895584
0.0046395315
0.00468936
0.0047390458
0.0047885907
0.0048379963
0.0048872643
0.0049363965
0.0049853945
0.0050342597
0.0050829939
0.0051315984
0.0051800748
0.0052284245
0.005276649
0.0053247496
0.0053727276
0.0054205845
0.0054683215
0.0055159399
0.005563441
0.0056108259
0.005658096
0.0057052522
0.0057522959
0.0057992281
0.00584605
0.0058927626
0.0059393671
0.0059858644
0.0060322556
0.0060785417
0.0061247237
0.0061708026
0.0062167793
0.0062626548
0.00630843
0.0063541058
0.0063996831
0.0064451628
0.0064905457
0.0065358328
0.0065810248
0.0066261225
0.0066711268
0.0067160385
0.0067608583
0.0068055871
0.0068502255
0.0068947743
0.0069392344
0.0069836063
0.0070278909
0.0070720887
0.0071162006
0.0071602272
0.0072041692
0.0072480272
0.0072918019
0.007335494
0.0073791041
0.0074226328
0.0074660807
0.0075094485
0.0075527368
0.0075959462
0.0076390772
0.0076821304
0.0077251065
0.007768006
0.0078108295
0.0078535774
0.0078962505
0.0079388491
0.0079813739
0.0080238254
0.0080662041
0.0081085105
0.0081507451
0.0081929085
0.0082350012
0.0082770235
0.0083189762
0.0083608595
0.008402674
0.0084444203
0.0084860986
0.0085277096
0.0085692537
0.0086107313
0.0086521428
0.0086934888
0.0087347696
0.0087759858
0.0088171376
0.0088582256
0.0088992501
0.0089402116
0.0089811105
0.0090219471
0.009062722
0.0091034353
0.0091440876
0.0091846793
0.0092252106
0.009265682
0.0093060939
0.0093464466
0.0093867405
0.0094269759
0.0094671532
0.0095072728
0.0095473351
0.0095873404
0.0096272891
0.0096671816
0.0097070182
0.0097467979
0.0097862751
0.11771068
0.08507033
0.06040488
0.043916429
0.033109557
0.02593417
0.021062742
0.017678892
0.015280268
0.013551905
0.012291306
0.011364741
0.010681539
0.010178659
0.0098112488
0.0095467181
0.0093609497
0.0092358128
0.0091575006
0.0091153914
0.0091012526
0.0091086707
0.0091326349
0.0091692269
0.0092153841
0.0092687187
0.0093273748
0.0093899169
0.0094552408
0.0095225033
0.009591065
0.0096604463
0.009730291
0.0098004259
0.0098711952
0.0099422029
0.010013174
0.010083923
0.010154331
0.010224325
0.010293867
0.010362941
0.01043155
0.010499701
0.010567413
0.010634705
0.010701596
0.010768108
0.01083426
0.01090007
0.010965554
0.011030727
0.011095602
0.011160189
0.011224499
0.011288539
0.011352318
0.011415842
0.011479115
0.011542143
0.011604929
0.011667478
0.011729793
0.011791875
0.011853729
0.011915356
0.011976759
0.012037939
0.012098899
0.01215964
0.012220165
0.012280474
0.01234057
0.012400455
0.012460129
0.012519595
0.012578854
0.012637908
0.012696758
0.012755406
0.012813852
0.0128721
0.01293015
0.012988004
0.013045663
0.013103129
0.013160403
0.013217487
0.013274382
0.013331089
0.013387611
0.013443948
0.013500101
0.013556073
0.013611865
0.013667478
0.013722913
0.013778172
0.013833256
0.013888166
0.013942905
0.013997472
0.01405187
0.014106099
0.014160162
0.014214059
0.014267791
0.01432136
0.014374768
0.014428014
0.014481102
0.014534031
0.014586803
0.014639419
0.01469188
0.014744188
0.014796344
0.014848348
0.014900203
0.014951909
0.015003467
0.015054878
0.015106144
0.015157266
0.015208244
0.01525908
0.015309775
0.01536033
0.015410746
0.015461024
0.015511165
0.01556117
0.01561104
0.015660777
0.01571038
0.015759852
0.015809193
0.015858403
0.015907485
0.015956439
0.016005266
0.016053967
0.016102542
0.016150993
0.016199321
0.016247527
0.016295611
0.016343574
0.016391418
0.016439143
0.016486749
0.016534239
0.016581612
0.01662887
0.016676014
0.016723043
0.01676996
0.016816764
0.016863458
0.01691004
0.016956513
0.017002877
0.017049134
0.017095282
0.017141324
0.017187261
0.017233092
0.017278819
0.017324442
0.017369963
0.017415381
0.017460698
0.017505914
0.017551031
0.017596048
0.017640966
0.017685787
0.01773051
0.017775136
0.017819667
0.017864102
0.017908443
0.01795269
0.017996843
0.018040903
0.018084871
0.018128748
0.018172533
0.018216228
0.018259833
0.018303349
0.018346776
0.018390115
0.018433367
0.018476532
0.018519611
0.018562604
0.018605512
0.018648335
0.01869085
0.13899587
0.12480222
0.10613211
0.088499055
0.07391323
0.062492943
0.053739392
0.047071191
0.04198956
0.038106056
0.035128724
0.032840432
0.031079522
0.029724852
0.028684833
0.027889565
0.02728523
0.026830066
0.02649147
0.026243866
0.026067134
0.025945424
0.025866247
0.025819776
0.025798299
0.025795781
0.02580752
0.025829873
0.025860035
0.025895858
0.025935714
0.025978376
0.02602293
0.026068299
0.026115049
0.026162651
0.026210663
0.02625878
0.026306802
0.026354601
0.026402105
0.026449279
0.026496111
0.02654261
0.026588791
0.026634677
0.026680293
0.026725665
0.026770818
0.026815774
0.026860554
0.026905176
0.026949657
0.02699401
0.027038247
0.027082378
0.02712641
0.027170351
0.027214206
0.027257978
0.027301673
0.027345292
0.027388837
0.027432311
0.027475715
0.02751905
0.027562316
0.027605514
0.027648645
0.027691709
0.027734706
0.027777636
0.027820499
0.027863296
0.027906027
0.027948691
0.027991289
0.02803382
0.028076285
0.028118683
0.028161015
0.028203281
0.02824548
0.028287613
0.02832968
0.028371681
0.028413615
0.028455483
0.028497286
0.028539022
0.028580693
0.028622298
0.028663837
0.028705311
0.028746719
0.028788062
0.02882934
0.028870552
0.0289117
0.028952783
0.028993802
0.029034756
0.029075645
0.02911647
0.029157232
0.029197929
0.029238563
0.029279133
0.02931964
0.029360084
0.029400464
0.029440782
0.029481038
0.02952123
0.029561361
0.029601429
0.029641436
0.029681381
0.029721265
0.029761087
0.029800848
0.029840549
0.029880189
0.029919768
0.029959288
0.029998747
0.030038147
0.030077487
0.030116768
0.030155989
0.030195152
0.030234257
0.030273303
0.03031229
0.03035122
0.030390092
0.030428907
0.030467665
0.030506365
0.030545009
0.030583596
0.030622127
0.030660602
0.030699021
0.030737385
0.030775693
0.030813946
0.030852144
0.030890288
0.030928378
0.030966413
0.031004394
0.031042322
0.031080196
0.031118018
0.031155786
0.031193502
0.031231165
0.031268776
0.031306335
0.031343842
0.031381299
0.031418703
0.031456057
0.03149336
0.031530613
0.031567815
0.031604968
0.031642071
0.031679124
0.031716127
0.031753082
0.031789988
0.031826845
0.031863654
0.031900414
0.031937127
0.031973792
0.032010409
0.032046978
0.0320835
0.032119976
0.032156404
0.032192785
0.03222912
0.032265408
0.03230165
0.032337846
0.032373996
0.0324101
0.032446159
0.032482172
0.03251814
0.032554063
0.032589942
0.032625776
0.032661566
0.032697313
0.032733016
0.032768513
0.14233521
0.13803864
0.12907676
0.11761559
0.10590102
0.095207762
0.086017109
0.078376076
0.072142515
0.067114011
0.063086472
0.059876932
0.057329812
0.055316245
0.053730901
0.052488277
0.05151921
0.050767867
0.050189253
0.049747162
0.049412525
0.049162058
0.048977174
0.048843088
0.04874809
0.048682948
0.048640427
0.048614885
0.048601956
0.048598281
0.0486013
0.048609077
0.048620163
0.048633482
0.048647949
0.048663693
0.048680177
0.04869703
0.048714
0.048730926
0.048747711
0.048764303
0.048780682
0.048796848
0.048812817
0.048828609
0.04884425
0.048859767
0.048875188
0.048890536
0.048905835
0.048921105
0.048936365
0.04895163
0.048966913
0.048982225
0.048997575
0.049012971
0.04902842
0.049043927
0.049059494
0.049075126
0.049090826
0.049106594
0.049122433
0.049138343
0.049154325
0.04917038
0.049186508
0.049202709
0.049218983
0.04923533
0.04925175
0.049268243
0.049284809
0.049301447
0.049318156
0.049334938
0.04935179
0.049368714
0.049385708
0.049402772
0.049419906
0.049437109
0.049454381
0.049471722
0.049489132
0.049506608
0.049524153
0.049541764
0.049559443
0.049577187
0.049594997
0.049612873
0.049630814
0.049648819
0.049666889
0.049685023
0.04970322
0.04972148
0.049739802
0.049758187
0.049776634
0.049795143
0.049813712
0.049832342
0.049851032
0.049869782
0.049888592
0.04990746
0.049926387
0.049945372
0.049964415
0.049983516
0.050002673
0.050021887
0.050041158
0.050060484
0.050079865
0.050099302
0.050118793
0.050138338
0.050157937
0.05017759
0.050197295
0.050217053
0.050236864
0.050256726
0.05027664
0.050296605
0.05031662
0.050336686
0.050356802
0.050376967
0.050397182
0.050417445
0.050437757
0.050458117
0.050478524
0.050498979
0.05051948
0.050540028
0.050560623
0.050581263
0.050601949
0.050622679
0.050643455
0.050664275
0.050685138
0.050706046
0.050726997
0.050747991
0.050769027
0.050790106
0.050811226
0.050832388
0.050853592
0.050874836
0.050896121
0.050917446
0.050938811
0.050960215
0.050981659
0.051003142
0.051024663
0.051046222
0.05106782
0.051089455
0.051111127
0.051132836
0.051154582
0.051176364
0.051198182
0.051220036
0.051241925
0.051263848
0.051285807
0.051307799
0.051329826
0.051351885
0.051373978
0.051396104
0.051418262
0.051440451
0.051462673
0.051484925
0.051507209
0.051529522
0.051551866
0.051574239
0.051596642
0.051619074
0.051641534
0.051664024
0.051686541
0.051709087
0.051731662
0.051754264
0.051776895
0.051799461
0.14279721
0.14172486
0.13834133
0.13262746
0.12550576
0.11798069
0.11075747
0.10421937
0.0985194
0.093673179
0.089624644
0.086286161
0.083561052
0.081355296
0.079583041
0.078168696
0.077047235
0.076163614
0.075471795
0.074933635
0.074517787
0.074198679
0.073955585
0.073771818
0.073634028
0.073531603
0.073456161
0.073401129
0.073361384
0.073332969
0.073312846
0.073298707
0.073288815
0.073281873
0.0732764
0.073272463
0.073269512
0.073267157
0.073265131
0.073263259
0.07326143
0.07325958
0.073257678
0.073255716
0.073253701
0.073251647
0.073249575
0.073247507
0.073245465
0.073243471
0.073241545
0.073239705
0.073237967
0.073236344
0.073234848
0.073233488
0.073232272
0.073231206
0.073230295
0.073229543
0.073228952
0.073228524
0.073228262
0.073228164
0.073228232
0.073228466
0.073228866
0.07322943
0.073230158
0.073231049
0.073232102
0.073233316
0.07323469
0.073236222
0.073237912
0.073239758
0.073241759
0.073243914
0.073246221
0.073248679
0.073251288
0.073254045
0.073256949
0.07326
0.073263196
0.073266536
0.073270018
0.073273642
0.073277407
0.073281311
0.073285352
0.073289531
0.073293846
0.073298295
0.073302878
0.073307594
0.073312441
0.073317419
0.073322526
0.073327761
0.073333124
0.073338613
0.073344227
0.073349966
0.073355828
0.073361812
0.073367918
0.073374144
0.07338049
0.073386954
0.073393535
0.073400233
0.073407047
0.073413976
0.073421018
0.073428173
0.073435441
0.073442819
0.073450308
0.073457907
0.073465614
0.073473428
0.07348135
0.073489377
0.07349751
0.073505747
0.073514088
0.073522531
0.073531077
0.073539723
0.07354847
0.073557317
0.073566262
0.073575305
0.073584446
0.073593683
0.073603016
0.073612444
0.073621966
0.073631582
0.07364129
0.073651091
0.073660983
0.073670965
0.073681038
0.0736912
0.07370145
0.073711788
0.073722214
0.073732726
0.073743324
0.073754007
0.073764774
0.073775626
0.073786561
0.073797578
0.073808677
0.073819858
0.073831119
0.073842461
0.073853882
0.073865381
0.073876959
0.073888615
0.073900348
0.073912157
0.073924042
0.073936003
0.073948038
0.073960147
0.07397233
0.073984585
0.073996913
0.074009313
0.074021784
0.074034325
0.074046936
0.074059617
0.074072366
0.074085184
0.074098068
0.07411102
0.074124038
0.074137121
0.07415027
0.074163482
0.074176759
0.074190098
0.0742035
0.074216963
0.074230488
0.074244074
0.074257721
0.074271427
0.074285193
0.074299018
0.074312903
0.074326846
0.074340849
0.074354859
0.1435312
0.1436395
0.14264112
0.14022674
0.13657232
0.13214236
0.12742552
0.12279944
0.11850449
0.11466651
0.1113308
0.1084919
0.10611551
0.10415321
0.10255166
0.10125811
0.10022339
0.099403425
0.098759679
0.098259147
0.097873984
0.097580991
0.097361046
0.097198538
0.097080832
0.096997782
0.096941308
0.09690502
0.096883907
0.096874068
0.096872492
0.096876876
0.096885473
0.096896974
0.09691009
0.096924576
0.096940023
0.096955986
0.096972154
0.096988321
0.097004357
0.097020183
0.097035762
0.097051079
0.097066139
0.097080957
0.097095556
0.097109959
0.097124192
0.09713828
0.097152245
0.097166109
0.09717989
0.097193606
0.09720727
0.097220895
0.09723449
0.097248065
0.097261626
0.09727518
0.097288731
0.097302284
0.097315841
0.097329405
0.097342979
0.097356563
0.097370158
0.097383767
0.09739739
0.097411027
0.097424679
0.097438346
0.097452028
0.097465726
0.09747944
0.09749317
0.097506917
0.097520679
0.097534457
0.097548252
0.097562063
0.097575891
0.097589734
0.097603594
0.097617471
0.097631363
0.097645272
0.097659198
0.09767314
0.097687098
0.097701072
0.097715063
0.09772907
0.097743093
0.097757133
0.097771189
0.097785261
0.097799349
0.097813454
0.097827575
0.097841712
0.097855865
0.097870035
0.09788422
0.097898422
0.09791264
0.097926873
0.097941123
0.097955389
0.097969671
0.097983969
0.097998283
0.098012612
0.098026958
0.098041319
0.098055696
0.098070089
0.098084497
0.098098921
0.098113361
0.098127817
0.098142288
0.098156774
0.098171276
0.098185793
0.098200326
0.098214874
0.098229438
0.098244016
0.09825861
0.098273219
0.098287843
0.098302483
0.098317137
0.098331806
0.09834649
0.098361189
0.098375903
0.098390632
0.098405375
0.098420133
0.098434906
0.098449694
0.098464495
0.098479312
0.098494143
0.098508988
0.098523847
0.098538721
0.098553609
0.098568511
0.098583428
0.098598358
0.098613302
0.098628261
0.098643233
0.098658219
0.098673219
0.098688233
0.09870326
0.098718302
0.098733356
0.098748425
0.098763507
0.098778602
0.098793711
0.098808833
0.098823968
0.098839117
0.098854279
0.098869453
0.098884641
0.098899842
0.098915056
0.098930282
0.098945521
0.098960772
0.098976036
0.098991312
0.0990066
0.0990219
0.099037212
0.099052535
0.09906787
0.099083215
0.099098572
0.099113939
0.099129317
0.099144706
0.099160105
0.099175513
0.099190933
0.099206362
0.099221801
0.09923725
0.09925271
0.099268181
0.099283663
0.099299157
0.099314609
0.27308007
0.24897244
0.22420666
0.20326806
0.18673551
0.17385098
0.16371775
0.15563593
0.14911638
0.14382154
0.13951074
0.1360038
0.1331594
0.13086286
0.1290191
0.12754842
0.12638386
0.12546916
0.12475723
0.1242089
0.12379173
0.12347903
0.12324901
0.12308395
0.12296956
0.12289438
0.12284928
0.12282706
0.12282205
0.12282982
0.12284696
0.12287084
0.12289948
0.12293137
0.1229654
0.12300062
0.12303697
0.12307386
0.1231109
0.12314782
0.12318446
0.1232207
0.12325649
0.12329181
0.12332667
0.12336107
0.12339505
0.12342864
0.12346186
0.12349474
0.12352732
0.12355962
0.12359166
0.12362347
0.12365505
0.12368643
0.12371763
0.12374864
0.12377949
0.12381017
0.12384071
0.12387109
0.12390133
0.12393143
0.1239614
0.12399123
0.12402093
0.1240505
0.12407994
0.12410926
0.12413846
0.12416753
0.12419648
0.12422531
0.12425402
0.12428261
0.12431109
0.12433944
0.12436769
0.12439581
0.12442383
0.12445173
0.12447952
0.12450719
0.12453476
0.12456222
0.12458956
0.1246168
0.12464393
0.12467096
0.12469788
0.12472469
0.1247514
0.12477801
0.12480451
0.12483091
0.12485721
0.12488341
0.12490951
0.12493551
0.12496141
0.12498722
0.12501293
0.12503854
0.12506405
0.12508948
0.1251148
0.12514004
0.12516518
0.12519023
0.12521519
0.12524006
0.12526484
0.12528953
0.12531413
0.12533864
0.12536307
0.12538741
0.12541166
0.12543583
0.12545991
0.12548391
0.12550783
0.12553166
0.12555541
0.12557908
0.12560267
0.12562618
0.12564961
0.12567297
0.12569624
0.12571943
0.12574255
0.12576559
0.12578856
0.12581145
0.12583427
0.12585701
0.12587967
0.12590227
0.12592479
0.12594724
0.12596962
0.12599193
0.12601417
0.12603633
0.12605843
0.12608046
0.12610242
0.12612432
0.12614615
0.12616791
0.1261896
0.12621123
0.1262328
0.1262543
0.12627573
0.1262971
0.12631841
0.12633966
0.12636084
0.12638197
0.12640303
0.12642403
0.12644498
0.12646586
0.12648668
0.12650745
0.12652815
0.1265488
0.12656939
0.12658993
0.12661041
0.12663083
0.1266512
0.12667151
0.12669177
0.12671197
0.12673212
0.12675221
0.12677225
0.12679224
0.12681218
0.12683206
0.12685189
0.12687167
0.12689139
0.12691107
0.12693069
0.12695026
0.12696978
0.12698926
0.12700868
0.12702805
0.12704737
0.12706665
0.12708588
0.12710506
0.12712419
0.12714323
0.28471435
0.27869435
0.26698769
0.25209315
0.23670909
0.22248018
0.21008152
0.19962168
0.19095306
0.18384216
0.17804721
0.17334804
0.16955427
0.16650504
0.16406582
0.16212467
0.1605887
0.15938105
0.15843829
0.15770823
0.15714811
0.15672301
0.15640458
0.15616988
0.15600047
0.15588161
0.15580157
0.15575108
0.15572287
0.15571127
0.15571189
0.15572137
0.15573714
0.15575727
0.15578033
0.15580492
0.15583092
0.15585768
0.15588475
0.1559118
0.15593864
0.15596515
0.15599126
0.15601693
0.15604217
0.15606698
0.15609141
0.15611546
0.15613918
0.15616259
0.15618573
0.15620863
0.1562313
0.15625376
0.15627605
0.15629817
0.15632014
0.15634198
0.15636368
0.15638526
0.15640672
0.15642808
0.15644934
0.15647049
0.15649155
0.15651251
0.15653338
0.15655417
0.15657486
0.15659547
0.15661599
0.15663642
0.15665677
0.15667704
0.15669723
0.15671734
0.15673736
0.15675731
0.15677717
0.15679696
0.15681667
0.1568363
0.15685585
0.15687533
0.15689473
0.15691405
0.1569333
0.15695248
0.15697158
0.15699061
0.15700956
0.15702845
0.15704726
0.157066
0.15708467
0.15710327
0.1571218
0.15714027
0.15715866
0.15717699
0.15719524
0.15721344
0.15723156
0.15724962
0.15726762
0.15728555
0.15730341
0.15732121
0.15733895
0.15735663
0.15737424
0.1573918
0.15740929
0.15742672
0.15744409
0.1574614
0.15747865
0.15749585
0.15751298
0.15753006
0.15754708
0.15756404
0.15758095
0.1575978
0.1576146
0.15763134
0.15764803
0.15766466
0.15768124
0.15769777
0.15771424
0.15773066
0.15774703
0.15776335
0.15777962
0.15779584
0.15781201
0.15782813
0.1578442
0.15786022
0.15787619
0.15789212
0.157908
0.15792383
0.15793961
0.15795535
0.15797105
0.15798669
0.1580023
0.15801786
0.15803337
0.15804884
0.15806427
0.15807965
0.158095
0.1581103
0.15812556
0.15814077
0.15815595
0.15817109
0.15818618
0.15820124
0.15821626
0.15823124
0.15824618
0.15826108
0.15827594
0.15829077
0.15830556
0.15832031
0.15833502
0.1583497
0.15836435
0.15837895
0.15839353
0.15840806
0.15842257
0.15843703
0.15845147
0.15846587
0.15848023
0.15849457
0.15850886
0.15852313
0.15853736
0.15855156
0.15856573
0.15857986
0.15859396
0.15860803
0.15862206
0.15863607
0.15865004
0.15866398
0.15867789
0.15869177
0.15870562
0.15871945
0.15873324
0.15874697
0.28564286
0.28459389
0.28115172
0.27488768
0.26651156
0.25714353
0.24774882
0.23895478
0.23108413
0.22424919
0.21843743
0.21357125
0.20954487
0.20624538
0.20356382
0.20140062
0.19966764
0.19828854
0.19719827
0.19634199
0.19567397
0.19515639
0.19475822
0.19445416
0.19422375
0.19405056
0.19392146
0.19382606
0.19375617
0.1937054
0.19366878
0.1936425
0.19362365
0.19361005
0.19360005
0.19359199
0.19358544
0.19357979
0.19357463
0.19356967
0.19356473
0.19355967
0.19355444
0.19354901
0.19354337
0.19353753
0.1935315
0.19352531
0.19351898
0.19351255
0.19350604
0.19349946
0.19349285
0.19348622
0.19347958
0.19347296
0.19346635
0.19345978
0.19345326
0.19344678
0.19344035
0.19343398
0.19342768
0.19342144
0.19341527
0.19340917
0.19340314
0.19339718
0.1933913
0.19338549
0.19337976
0.1933741
0.19336852
0.19336301
0.19335759
0.19335224
0.19334696
0.19334176
0.19333664
0.1933316
0.19332663
0.19332174
0.19331693
0.19331219
0.19330753
0.19330295
0.19329844
0.19329401
0.19328965
0.19328538
0.19328117
0.19327705
0.193273
0.19326902
0.19326513
0.1932613
0.19325755
0.19325388
0.19325028
0.19324676
0.19324331
0.19323994
0.19323664
0.19323342
0.19323026
0.19322719
0.19322418
0.19322125
0.1932184
0.19321562
0.1932129
0.19321027
0.1932077
0.19320521
0.19320279
0.19320044
0.19319816
0.19319596
0.19319382
0.19319176
0.19318977
0.19318785
0.19318599
0.19318421
0.1931825
0.19318086
0.19317928
0.19317778
0.19317635
0.19317498
0.19317368
0.19317245
0.19317129
0.19317019
0.19316917
0.19316821
0.19316731
0.19316649
0.19316573
0.19316503
0.1931644
0.19316384
0.19316334
0.19316291
0.19316254
0.19316223
0.19316199
0.19316182
0.1931617
0.19316165
0.19316167
0.19316174
0.19316188
0.19316208
0.19316234
0.19316267
0.19316305
0.1931635
0.19316401
0.19316457
0.1931652
0.19316589
0.19316664
0.19316744
0.19316831
0.19316924
0.19317022
0.19317126
0.19317236
0.19317352
0.19317473
0.193176
0.19317733
0.19317872
0.19318016
0.19318166
0.19318321
0.19318481
0.19318648
0.19318819
0.19318996
0.19319179
0.19319366
0.19319559
0.19319757
0.19319961
0.19320169
0.19320382
0.19320601
0.19320824
0.19321053
0.19321286
0.19321525
0.19321768
0.19322016
0.19322269
0.19322527
0.1932279
0.19323058
0.1932333
0.2857137
0.28557028
0.28480316
0.28287285
0.27959629
0.27520232
0.27013267
0.26483985
0.25968025
0.25488822
0.25059133
0.24683839
0.24362624
0.24092081
0.23867194
0.23682315
0.23531771
0.23410211
0.2331279
0.23235245
0.23173898
0.23125633
0.23087842
0.2305837
0.23035453
0.23017658
0.23003836
0.22993069
0.22984631
0.22977953
0.22972591
0.22968202
0.22964525
0.22961362
0.22958563
0.22955995
0.22953569
0.22951248
0.22948998
0.22946797
0.22944628
0.22942483
0.22940355
0.22938241
0.2293614
0.2293405
0.22931974
0.22929913
0.22927867
0.22925839
0.22923829
0.2292184
0.22919872
0.22917926
0.22916004
0.22914106
0.22912233
0.22910384
0.22908562
0.22906765
0.22904994
0.22903249
0.2290153
0.22899836
0.22898169
0.22896527
0.22894911
0.2289332
0.22891755
0.22890214
0.22888698
0.22887207
0.22885739
0.22884296
0.22882877
0.22881481
0.22880109
0.2287876
0.22877434
0.2287613
0.22874849
0.2287359
0.22872353
0.22871137
0.22869943
0.22868771
0.22867619
0.22866489
0.22865379
0.22864289
0.2286322
0.22862171
0.22861141
0.22860131
0.22859141
0.22858169
0.22857217
0.22856284
0.22855369
0.22854472
0.22853594
0.22852734
0.22851891
0.22851067
0.2285026
0.2284947
0.22848697
0.22847942
0.22847203
0.2284648
0.22845775
0.22845085
0.22844412
0.22843754
0.22843112
0.22842486
0.22841876
0.22841281
0.22840701
0.22840136
0.22839585
0.2283905
0.22838529
0.22838022
0.2283753
0.22837052
0.22836588
0.22836137
0.22835701
0.22835278
0.22834868
0.22834471
0.22834088
0.22833718
0.2283336
0.22833016
0.22832684
0.22832364
0.22832057
0.22831762
0.22831479
0.22831208
0.22830949
0.22830702
0.22830466
0.22830242
0.2283003
0.22829828
0.22829638
0.22829459
0.2282929
0.22829133
0.22828986
0.2282885
0.22828724
0.22828609
0.22828504
0.2282841
0.22828325
0.2282825
0.22828185
0.2282813
0.22828085
0.22828049
0.22828023
0.22828006
0.22827999
0.22828
0.22828011
0.22828031
0.22828059
0.22828097
0.22828143
0.22828198
0.22828262
0.22828334
0.22828414
0.22828503
0.228286
0.22828704
0.22828817
0.22828938
0.22829067
0.22829203
0.22829347
0.22829499
0.22829658
0.22829824
0.22829998
0.22830179
0.22830366
0.22830561
0.22830763
0.22830972
0.22831188
0.2283141
0.22831639
0.22831875
0.22832118
0.22832367
0.28646951
0.28699608
0.2871696
0.28683542
0.28586822
0.28425976
0.28212686
0.27965721
0.27704786
0.27446548
0.27203073
0.26981865
0.26786657
0.26618411
0.26476235
0.2635812
0.26261485
0.26183548
0.26121564
0.26072971
0.26035464
0.26007024
0.25985919
0.25970689
0.25960118
0.25953209
0.25949148
0.25947282
0.25947089
0.25948156
0.2595016
0.25952848
0.25956029
0.25959553
0.25963309
0.25967215
0.25971206
0.25975256
0.25979328
0.25983396
0.25987442
0.25991455
0.25995428
0.25999358
0.26003245
0.26007088
0.26010889
0.2601465
0.26018373
0.2602206
0.26025713
0.26029335
0.26032926
0.2603649
0.26040028
0.2604354
0.26047028
0.26050493
0.26053936
0.26057358
0.26060759
0.26064139
0.260675
0.26070841
0.26074164
0.26077467
0.26080752
0.26084019
0.26087268
0.260905
0.26093713
0.26096909
0.26100088
0.2610325
0.26106395
0.26109523
0.26112634
0.26115729
0.26118807
0.26121869
0.26124915
0.26127945
0.26130959
0.26133957
0.26136939
0.26139906
0.26142857
0.26145793
0.26148713
0.26151619
0.26154509
0.26157385
0.26160246
0.26163092
0.26165923
0.2616874
0.26171542
0.2617433
0.26177105
0.26179864
0.2618261
0.26185342
0.26188061
0.26190765
0.26193456
0.26196134
0.26198798
0.26201449
0.26204086
0.2620671
0.26209322
0.2621192
0.26214506
0.26217079
0.26219639
0.26222186
0.26224721
0.26227244
0.26229754
0.26232252
0.26234738
0.26237212
0.26239674
0.26242124
0.26244562
0.26246988
0.26249402
0.26251805
0.26254197
0.26256577
0.26258946
0.26261303
0.26263649
0.26265984
0.26268308
0.26270621
0.26272923
0.26275215
0.26277495
0.26279765
0.26282024
0.26284273
0.26286511
0.26288739
0.26290956
0.26293163
0.2629536
0.26297547
0.26299724
0.2630189
0.26304047
0.26306194
0.26308331
0.26310458
0.26312576
0.26314684
0.26316782
0.26318871
0.26320951
0.26323021
0.26325082
0.26327133
0.26329176
0.26331209
0.26333233
0.26335249
0.26337255
0.26339252
0.26341241
0.26343221
0.26345192
0.26347154
0.26349108
0.26351053
0.2635299
0.26354919
0.26356839
0.26358751
0.26360654
0.26362549
0.26364436
0.26366315
0.26368185
0.26370048
0.26371903
0.26373749
0.26375588
0.26377418
0.26379241
0.26381056
0.26382863
0.26384663
0.26386454
0.26388238
0.26390015
0.26391784
0.26393546
0.263953
0.26397047
0.26398782
0.42246245
0.40934723
0.39340165
0.37759123
0.36342783
0.35138481
0.34139512
0.33319014
0.32647024
0.32096927
0.31646854
0.31279207
0.3097977
0.30736911
0.30540985
0.3038392
0.30258924
0.30160274
0.3008316
0.30023549
0.29978077
0.29943956
0.29918888
0.2990099
0.29888728
0.29880865
0.29876406
0.29874555
0.29874686
0.29876302
0.29879018
0.29882536
0.29886625
0.29891111
0.29895863
0.29900782
0.2990579
0.29910855
0.29915933
0.29920998
0.29926029
0.29931015
0.29935947
0.29940824
0.29945642
0.29950403
0.29955109
0.29959761
0.29964361
0.29968912
0.29973417
0.29977877
0.29982295
0.29986672
0.2999101
0.29995312
0.29999577
0.30003807
0.30008003
0.30012165
0.30016296
0.30020394
0.30024462
0.30028498
0.30032505
0.30036481
0.30040428
0.30044346
0.30048234
0.30052094
0.30055926
0.30059729
0.30063505
0.30067253
0.30070973
0.30074666
0.30078332
0.30081971
0.30085583
0.30089169
0.30092729
0.30096263
0.30099771
0.30103253
0.30106709
0.30110141
0.30113547
0.30116928
0.30120284
0.30123616
0.30126924
0.30130207
0.30133467
0.30136702
0.30139914
0.30143102
0.30146267
0.30149409
0.30152528
0.30155624
0.30158698
0.30161749
0.30164777
0.30167784
0.30170769
0.30173732
0.30176673
0.30179593
0.30182491
0.30185369
0.30188225
0.30191061
0.30193876
0.30196671
0.30199445
0.30202199
0.30204933
0.30207648
0.30210342
0.30213017
0.30215673
0.30218309
0.30220926
0.30223525
0.30226104
0.30228665
0.30231207
0.30233731
0.30236237
0.30238725
0.30241195
0.30243647
0.30246081
0.30248498
0.30250897
0.3025328
0.30255645
0.30257993
0.30260324
0.30262639
0.30264937
0.30267219
0.30269484
0.30271733
0.30273967
0.30276184
0.30278386
0.30280572
0.30282742
0.30284897
0.30287037
0.30289161
0.30291271
0.30293366
0.30295446
0.30297511
0.30299562
0.30301598
0.3030362
0.30305628
0.30307622
0.30309602
0.30311568
0.3031352
0.30315459
0.30317385
0.30319297
0.30321195
0.30323081
0.30324954
0.30326813
0.3032866
0.30330494
0.30332316
0.30334125
0.30335922
0.30337707
0.30339479
0.3034124
0.30342988
0.30344725
0.3034645
0.30348163
0.30349864
0.30351555
0.30353233
0.30354901
0.30356557
0.30358202
0.30359835
0.30361458
0.3036307
0.30364671
0.30366261
0.30367841
0.3036941
0.30370969
0.30372518
0.30374056
0.30375581
0.42835183
0.42683754
0.42322117
0.41756674
0.41053769
0.40293181
0.39539813
0.38835741
0.38203074
0.37649894
0.37175652
0.36775069
0.36440631
0.36164089
0.35937298
0.35752666
0.35603354
0.3548335
0.35387455
0.35311238
0.35250965
0.35203516
0.35166309
0.35137224
0.35114536
0.35096845
0.35083032
0.35072201
0.35063644
0.35056806
0.35051252
0.35046648
0.35042735
0.35039319
0.35036251
0.35033424
0.35030718
0.35028087
0.35025503
0.35022946
0.35020403
0.35017865
0.35015326
0.35012785
0.35010239
0.3500769
0.35005136
0.35002581
0.35000024
0.34997467
0.34994912
0.3499236
0.34989812
0.34987269
0.34984732
0.34982202
0.3497968
0.34977165
0.34974659
0.34972162
0.34969674
0.34967196
0.34964728
0.34962269
0.34959821
0.34957383
0.34954955
0.34952538
0.3495013
0.34947734
0.34945347
0.34942972
0.34940606
0.34938251
0.34935907
0.34933573
0.3493125
0.34928937
0.34926635
0.34924343
0.34922061
0.3491979
0.3491753
0.34915279
0.3491304
0.34910811
0.34908592
0.34906383
0.34904185
0.34901998
0.34899821
0.34897654
0.34895497
0.34893351
0.34891216
0.3488909
0.34886975
0.34884871
0.34882777
0.34880693
0.34878619
0.34876556
0.34874503
0.3487246
0.34870428
0.34868405
0.34866393
0.34864392
0.34862401
0.34860419
0.34858449
0.34856488
0.34854538
0.34852597
0.34850667
0.34848748
0.34846838
0.34844938
0.34843049
0.3484117
0.34839301
0.34837442
0.34835594
0.34833755
0.34831927
0.34830108
0.348283
0.34826502
0.34824713
0.34822935
0.34821167
0.34819409
0.34817661
0.34815923
0.34814195
0.34812477
0.34810769
0.34809071
0.34807383
0.34805704
0.34804036
0.34802377
0.34800729
0.3479909
0.34797461
0.34795842
0.34794233
0.34792633
0.34791044
0.34789464
0.34787894
0.34786333
0.34784782
0.34783242
0.3478171
0.34780189
0.34778677
0.34777174
0.34775682
0.34774199
0.34772725
0.34771261
0.34769807
0.34768362
0.34766927
0.34765501
0.34764085
0.34762678
0.3476128
0.34759892
0.34758514
0.34757145
0.34755785
0.34754435
0.34753094
0.34751762
0.3475044
0.34749127
0.34747823
0.34746528
0.34745243
0.34743967
0.347427
0.34741443
0.34740194
0.34738955
0.34737725
0.34736504
0.34735291
0.34734088
0.34732894
0.34731709
0.34730533
0.34729366
0.34728207
0.34727058
0.34725917
0.34724785
0.34723662
0.34722551
0.42856499
0.42845756
0.4280149
0.4269981
0.42531255
0.42303555
0.42035214
0.41747535
0.41459252
0.41184259
0.40931422
0.40705382
0.40507648
0.40337616
0.40193387
0.40072373
0.39971711
0.39888535
0.39820138
0.3976406
0.39718133
0.3968048
0.3964951
0.39623888
0.39602513
0.39584481
0.39569062
0.39555669
0.39543835
0.39533191
0.3952345
0.39514387
0.39505831
0.3949765
0.39489746
0.39482045
0.3947446
0.39466948
0.39459498
0.39452102
0.39444756
0.39437455
0.39430199
0.39422984
0.39415812
0.39408682
0.39401593
0.39394548
0.39387545
0.39380586
0.39373671
0.39366801
0.39359975
0.39353195
0.3934646
0.39339771
0.39333129
0.39326533
0.39319983
0.3931348
0.39307024
0.39300614
0.39294251
0.39287935
0.39281665
0.39275443
0.39269266
0.39263137
0.39257054
0.39251017
0.39245026
0.39239082
0.39233184
0.39227331
0.39221525
0.39215764
0.39210049
0.39204379
0.39198754
0.39193175
0.3918764
0.3918215
0.39176705
0.39171305
0.39165949
0.39160636
0.39155368
0.39150144
0.39144963
0.39139826
0.39134732
0.39129682
0.39124674
0.39119709
0.39114786
0.39109906
0.39105068
0.39100272
0.39095518
0.39090806
0.39086135
0.39081505
0.39076916
0.39072368
0.3906786
0.39063393
0.39058966
0.39054579
0.39050232
0.39045924
0.39041656
0.39037427
0.39033237
0.39029086
0.39024973
0.39020898
0.39016862
0.39012864
0.39008903
0.39004979
0.39001093
0.38997244
0.38993432
0.38989657
0.38985917
0.38982214
0.38978547
0.38974916
0.3897132
0.3896776
0.38964235
0.38960744
0.38957289
0.38953867
0.3895048
0.38947127
0.38943808
0.38940523
0.38937271
0.38934052
0.38930866
0.38927712
0.38924592
0.38921503
0.38918447
0.38915423
0.3891243
0.38909469
0.38906539
0.3890364
0.38900772
0.38897934
0.38895127
0.3889235
0.38889604
0.38886887
0.38884199
0.38881541
0.38878913
0.38876313
0.38873742
0.38871199
0.38868685
0.38866199
0.38863741
0.38861311
0.38858909
0.38856534
0.38854186
0.38851865
0.38849571
0.38847303
0.38845062
0.38842848
0.38840659
0.38838496
0.38836359
0.38834247
0.38832161
0.388301
0.38828064
0.38826052
0.38824066
0.38822103
0.38820165
0.38818251
0.38816361
0.38814494
0.38812651
0.38810831
0.38809035
0.38807261
0.3880551
0.38803782
0.38802076
0.38800393
0.38798731
0.38797091
0.38795474
0.38793881
0.42857595
0.42857952
0.42855805
0.42846574
0.42825429
0.42789667
0.42739697
0.42678467
0.42610211
0.42539277
0.42469384
0.42403295
0.42342793
0.42288816
0.42241651
0.42201129
0.42166794
0.4213803
0.42114154
0.42094486
0.42078378
0.42065247
0.42054577
0.42045922
0.42038908
0.4203322
0.42028602
0.42024842
0.42021772
0.42019255
0.42017186
0.42015479
0.42014068
0.42012903
0.42011944
0.4201116
0.42010519
0.42010001
0.42009599
0.42009306
0.42009118
0.42009031
0.42009041
0.42009146
0.42009344
0.42009633
0.42010009
0.42010473
0.42011021
0.42011653
0.42012366
0.42013159
0.42014031
0.4201498
0.42016005
0.42017103
0.42018274
0.42019516
0.42020827
0.42022207
0.42023653
0.42025164
0.42026738
0.42028375
0.42030073
0.4203183
0.42033645
0.42035517
0.42037445
0.42039426
0.42041461
0.42043547
0.42045683
0.42047868
0.42050102
0.42052382
0.42054708
0.42057078
0.42059491
0.42061947
0.42064444
0.42066981
0.42069557
0.42072171
0.42074822
0.42077509
0.42080231
0.42082988
0.42085777
0.42088599
0.42091452
0.42094335
0.42097249
0.4210019
0.4210316
0.42106157
0.4210918
0.42112229
0.42115302
0.42118399
0.42121519
0.42124662
0.42127827
0.42131012
0.42134218
0.42137443
0.42140688
0.4214395
0.4214723
0.42150528
0.42153841
0.42157171
0.42160516
0.42163875
0.42167248
0.42170635
0.42174034
0.42177446
0.4218087
0.42184305
0.42187751
0.42191207
0.42194673
0.42198149
0.42201633
0.42205125
0.42208626
0.42212134
0.42215649
0.4221917
0.42222698
0.42226231
0.4222977
0.42233314
0.42236862
0.42240415
0.42243971
0.42247531
0.42251094
0.4225466
0.42258228
0.42261799
0.42265371
0.42268944
0.42272519
0.42276094
0.4227967
0.42283246
0.42286822
0.42290398
0.42293973
0.42297548
0.42301121
0.42304692
0.42308262
0.4231183
0.42315396
0.4231896
0.42322521
0.42326079
0.42329634
0.42333185
0.42336733
0.42340278
0.42343818
0.42347355
0.42350887
0.42354415
0.42357938
0.42361456
0.42364969
0.42368478
0.4237198
0.42375478
0.4237897
0.42382456
0.42385936
0.4238941
0.42392878
0.4239634
0.42399795
0.42403244
0.42406686
0.42410121
0.4241355
0.42416972
0.42420386
0.42423793
0.42427193
0.42430586
0.42433971
0.42437349
0.42440719
0.42444081
0.42447435
0.42450781
0.42454119
0.42457448
0.42460769
0.42464074
0.42938778
0.4301621
0.4308731
0.43151332
0.43208244
0.43258498
0.43302906
0.43342538
0.43378584
0.43412216
0.43444476
0.43476208
0.4350804
0.43540394
0.43573518
0.43607522
0.43642419
0.43678148
0.43714612
0.43751686
0.43789241
0.43827147
0.43865282
0.43903534
0.43941807
0.43980015
0.44018086
0.44055961
0.44093589
0.44130931
0.44167955
0.44204638
0.44240961
0.4427691
0.44312476
0.44347653
0.44382431
0.44416802
0.44450772
0.44484347
0.44517533
0.44550333
0.44582753
0.44614798
0.44646471
0.44677777
0.44708721
0.44739307
0.4476954
0.44799422
0.4482896
0.44858157
0.44887017
0.44915545
0.44943744
0.44971619
0.44999174
0.45026413
0.45053339
0.45079957
0.45106271
0.45132284
0.45158
0.45183422
0.45208556
0.45233403
0.45257968
0.45282254
0.45306265
0.45330004
0.45353474
0.4537668
0.45399623
0.45422308
0.45444737
0.45466914
0.45488842
0.45510524
0.45531963
0.45553162
0.45574124
0.45594852
0.45615349
0.45635617
0.45655659
0.45675479
0.45695079
0.45714461
0.45733628
0.45752584
0.45771329
0.45789868
0.45808202
0.45826335
0.45844268
0.45862003
0.45879545
0.45896893
0.45914052
0.45931023
0.45947809
0.45964411
0.45980833
0.45997076
0.46013142
0.46029034
0.46044753
0.46060302
0.46075683
0.46090898
0.46105948
0.46120837
0.46135564
0.46150134
0.46164547
0.46178805
0.46192911
0.46206866
0.46220672
0.4623433
0.46247843
0.46261211
0.46274438
0.46287524
0.46300472
0.46313282
0.46325957
0.46338498
0.46350906
0.46363184
0.46375333
0.46387354
0.46399249
0.46411019
0.46422666
0.46434191
0.46445596
0.46456881
0.4646805
0.46479102
0.46490039
0.46500863
0.46511575
0.46522176
0.46532668
0.46543051
0.46553327
0.46563498
0.46573564
0.46583527
0.46593387
0.46603147
0.46612807
0.46622369
0.46631833
0.466412
0.46650473
0.46659651
0.46668737
0.4667773
0.46686633
0.46695446
0.4670417
0.46712806
0.46721355
0.46729819
0.46738198
0.46746493
0.46754705
0.46762835
0.46770885
0.46778854
0.46786745
0.46794557
0.46802292
0.4680995
0.46817533
0.46825042
0.46832477
0.46839839
0.46847129
0.46854348
0.46861496
0.46868575
0.46875585
0.46882527
0.46889402
0.46896211
0.46902954
0.46909632
0.46916246
0.46922797
0.46929284
0.4693571
0.46942074
0.46948377
0.4695462
0.46960804
0.46966929
0.4697298
0.57061216
0.56983764
0.56912631
0.56848568
0.56791606
0.56741294
0.5669682
0.56657117
0.56620993
0.56587277
0.56554929
0.56523104
0.56491176
0.56458723
0.56425499
0.56391392
0.56356395
0.56320565
0.56284003
0.56246834
0.56209187
0.56171195
0.56132978
0.56094649
0.56056306
0.56018034
0.55979906
0.55941981
0.55904309
0.55866929
0.55829872
0.55793163
0.5575682
0.55720856
0.5568528
0.55650097
0.55615319
0.55580951
0.55546986
0.55513417
0.5548024
0.55447449
0.55415038
0.55383005
0.55351343
0.55320048
0.55289116
0.55258542
0.55228321
0.55198449
0.55168923
0.55139737
0.55110887
0.55082369
0.55054179
0.55026313
0.54998767
0.54971536
0.54944617
0.54918007
0.548917
0.54865694
0.54839984
0.54814567
0.5478944
0.54764598
0.54740039
0.54715757
0.54691752
0.54668017
0.54644551
0.5462135
0.54598411
0.5457573
0.54553305
0.54531132
0.54509208
0.54487529
0.54466094
0.54444899
0.5442394
0.54403216
0.54382723
0.54362458
0.54342419
0.54322602
0.54303006
0.54283627
0.54264463
0.54245511
0.54226768
0.54208232
0.54189901
0.54171772
0.54153842
0.54136109
0.54118571
0.54101226
0.5408407
0.54067102
0.54050319
0.54033719
0.54017301
0.54001061
0.53984997
0.53969109
0.53953392
0.53937846
0.53922468
0.53907256
0.53892208
0.53877323
0.53862597
0.53848031
0.5383362
0.53819364
0.53805261
0.53791309
0.53777506
0.5376385
0.5375034
0.53736974
0.5372375
0.53710666
0.53697721
0.53684913
0.53672241
0.53659702
0.53647296
0.53635021
0.53622874
0.53610856
0.53598963
0.53587195
0.53575551
0.53564028
0.53552625
0.53541342
0.53530176
0.53519126
0.5350819
0.53497368
0.53486659
0.5347606
0.5346557
0.53455189
0.53444915
0.53434746
0.53424682
0.53414721
0.53404862
0.53395104
0.53385446
0.53375886
0.53366424
0.53357058
0.53347787
0.5333861
0.53329526
0.53320534
0.53311633
0.53302822
0.53294099
0.53285465
0.53276917
0.53268454
0.53260077
0.53251784
0.53243573
0.53235444
0.53227397
0.53219429
0.53211541
0.53203731
0.53195999
0.53188343
0.53180763
0.53173258
0.53165827
0.53158469
0.53151184
0.5314397
0.53136827
0.53129754
0.53122751
0.53115816
0.5310895
0.5310215
0.53095417
0.53088749
0.53082146
0.53075607
0.53069132
0.5306272
0.53056369
0.5305008
0.53043851
0.53037682
0.53031572
0.53025536
0.57142405
0.57142048
0.57144194
0.57153422
0.57174563
0.57210316
0.57260273
0.57321485
0.57389719
0.57460626
0.57530489
0.57596544
0.57657011
0.5771095
0.57758077
0.57798559
0.57832854
0.57861579
0.57885416
0.57905046
0.57921117
0.57934212
0.57944849
0.57953471
0.57960455
0.57966113
0.57970705
0.5797444
0.57977488
0.57979983
0.57982034
0.57983724
0.57985119
0.5798627
0.57987217
0.5798799
0.57988621
0.57989131
0.57989526
0.57989813
0.57989995
0.57990077
0.57990063
0.57989953
0.57989752
0.57989461
0.57989081
0.57988615
0.57988064
0.5798743
0.57986714
0.57985918
0.57985043
0.57984091
0.57983064
0.57981962
0.57980788
0.57979543
0.57978228
0.57976845
0.57975396
0.57973881
0.57972302
0.57970661
0.57968959
0.57967198
0.57965378
0.57963502
0.5796157
0.57959584
0.57957545
0.57955455
0.57953314
0.57951124
0.57948887
0.57946602
0.57944272
0.57941897
0.5793948
0.5793702
0.57934519
0.57931977
0.57929397
0.57926779
0.57924124
0.57921433
0.57918706
0.57915946
0.57913153
0.57910327
0.5790747
0.57904583
0.57901666
0.57898721
0.57895748
0.57892747
0.57889721
0.57886669
0.57883592
0.57880491
0.57877368
0.57874222
0.57871054
0.57867865
0.57864656
0.57861428
0.5785818
0.57854914
0.57851631
0.57848331
0.57845014
0.57841682
0.57838334
0.57834972
0.57831596
0.57828206
0.57824804
0.57821389
0.57817963
0.57814525
0.57811076
0.57807617
0.57804149
0.57800671
0.57797184
0.57793689
0.57790186
0.57786676
0.57783159
0.57779635
0.57776105
0.57772569
0.57769028
0.57765482
0.57761931
0.57758376
0.57754818
0.57751255
0.5774769
0.57744122
0.57740552
0.5773698
0.57733405
0.5772983
0.57726253
0.57722676
0.57719098
0.57715519
0.57711941
0.57708364
0.57704786
0.5770121
0.57697635
0.57694062
0.5769049
0.5768692
0.57683352
0.57679786
0.57676223
0.57672664
0.57669107
0.57665553
0.57662003
0.57658457
0.57654914
0.57651376
0.57647842
0.57644313
0.57640788
0.57637268
0.57633754
0.57630244
0.5762674
0.57623242
0.57619749
0.57616263
0.57612782
0.57609308
0.5760584
0.57602379
0.57598924
0.57595477
0.57592036
0.57588603
0.57585177
0.57581759
0.57578348
0.57574945
0.5757155
0.57568163
0.57564784
0.57561413
0.5755805
0.57554696
0.5755135
0.57548013
0.57544684
0.57541363
0.57538051
0.57534756
0.57143501
0.57154243
0.57198505
0.57300175
0.57468712
0.57696386
0.57964693
0.5825233
0.58540565
0.58815506
0.59068286
0.59294267
0.5949194
0.5966191
0.59806076
0.59927028
0.60027628
0.60110743
0.60179082
0.60235103
0.60280976
0.60318577
0.603495
0.60375077
0.60396412
0.60414406
0.60429792
0.60443155
0.60454963
0.60465584
0.60475306
0.60484353
0.60492897
0.60501067
0.60508964
0.6051666
0.60524244
0.60531755
0.60539206
0.60546603
0.60553952
0.60561255
0.60568515
0.60575733
0.60582909
0.60590044
0.60597136
0.60604186
0.60611192
0.60618155
0.60625074
0.60631949
0.60638778
0.60645562
0.606523
0.60658991
0.60665637
0.60672236
0.60678788
0.60685293
0.60691752
0.60698163
0.60704528
0.60710845
0.60717116
0.6072334
0.60729518
0.60735648
0.60741732
0.6074777
0.60753761
0.60759706
0.60765605
0.60771458
0.60777265
0.60783026
0.60788742
0.60794412
0.60800037
0.60805617
0.60811152
0.60816642
0.60822087
0.60827488
0.60832845
0.60838157
0.60843425
0.6084865
0.60853831
0.60858968
0.60864062
0.60869113
0.60874121
0.60879086
0.60884008
0.60888889
0.60893727
0.60898523
0.60903277
0.6090799
0.60912661
0.60917291
0.6092188
0.60926428
0.60930936
0.60935403
0.6093983
0.60944217
0.60948564
0.60952872
0.6095714
0.60961369
0.60965559
0.6096971
0.60973823
0.60977898
0.60981934
0.60985933
0.60989893
0.60993817
0.60997703
0.61001552
0.61005364
0.61009139
0.61012878
0.61016581
0.61020248
0.6102388
0.61027475
0.61031036
0.61034561
0.61038051
0.61041507
0.61044928
0.61048315
0.61051668
0.61054987
0.61058272
0.61061524
0.61064743
0.61067929
0.61071082
0.61074202
0.61077291
0.61080347
0.61083371
0.61086363
0.61089324
0.61092254
0.61095153
0.61098021
0.61100858
0.61103665
0.61106441
0.61109187
0.61111904
0.61114591
0.61117249
0.61119877
0.61122477
0.61125047
0.61127589
0.61130103
0.61132588
0.61135046
0.61137476
0.61139878
0.61142252
0.611446
0.61146921
0.61149215
0.61151482
0.61153723
0.61155938
0.61158127
0.61160291
0.61162429
0.61164541
0.61166629
0.61168692
0.6117073
0.61172744
0.61174733
0.61176699
0.61178641
0.61180559
0.61182454
0.61184326
0.61186175
0.61188001
0.61189804
0.61191585
0.61193344
0.61195081
0.61196796
0.61198489
0.6120016
0.61201809
0.61203437
0.61205039
0.57164816
0.57316239
0.57677859
0.58243272
0.58946138
0.59706681
0.60459999
0.61164018
0.61796629
0.62349751
0.62823933
0.63224455
0.63558831
0.6383531
0.64062037
0.64246605
0.64395853
0.64515795
0.64611629
0.64687785
0.64748001
0.64795396
0.64832552
0.64861589
0.64884235
0.64901885
0.64915663
0.64926462
0.6493499
0.64941804
0.64947338
0.64951925
0.64955825
0.64959231
0.64962292
0.64965115
0.64967819
0.6497045
0.64973035
0.64975595
0.64978143
0.64980687
0.64983231
0.64985779
0.64988332
0.64990889
0.6499345
0.64996013
0.64998577
0.65001141
0.65003704
0.65006263
0.65008818
0.65011367
0.6501391
0.65016446
0.65018974
0.65021493
0.65024004
0.65026505
0.65028997
0.65031479
0.65033951
0.65036412
0.65038864
0.65041305
0.65043735
0.65046155
0.65048565
0.65050964
0.65053352
0.6505573
0.65058097
0.65060454
0.650628
0.65065135
0.6506746
0.65069775
0.65072079
0.65074372
0.65076655
0.65078928
0.6508119
0.65083441
0.65085682
0.65087913
0.65090133
0.65092343
0.65094542
0.65096731
0.6509891
0.65101078
0.65103235
0.65105383
0.6510752
0.65109646
0.65111763
0.65113869
0.65115964
0.65118049
0.65120124
0.65122189
0.65124243
0.65126287
0.65128321
0.65130344
0.65132357
0.6513436
0.65136353
0.65138335
0.65140307
0.65142269
0.65144221
0.65146162
0.65148093
0.65150014
0.65151925
0.65153825
0.65155716
0.65157596
0.65159466
0.65161326
0.65163176
0.65165015
0.65166845
0.65168664
0.65170474
0.65172273
0.65174062
0.65175841
0.6517761
0.65179369
0.65181118
0.65182858
0.65184587
0.65186306
0.65188015
0.65189714
0.65191403
0.65193082
0.65194751
0.65196411
0.6519806
0.651997
0.6520133
0.65202949
0.65204559
0.6520616
0.6520775
0.65209331
0.65210902
0.65212463
0.65214014
0.65215556
0.65217088
0.6521861
0.65220122
0.65221625
0.65223118
0.65224602
0.65226076
0.65227541
0.65228995
0.65230441
0.65231877
0.65233303
0.6523472
0.65236127
0.65237525
0.65238914
0.65240293
0.65241663
0.65243024
0.65244375
0.65245717
0.65247051
0.65248375
0.6524969
0.65250996
0.65252293
0.65253581
0.6525486
0.65256131
0.65257393
0.65258646
0.65259891
0.65261127
0.65262354
0.65263573
0.65264784
0.65265986
0.6526718
0.65268365
0.65269542
0.65270711
0.65271871
0.65273022
0.65274165
0.65275299
0.65276422
0.57753745
0.59065242
0.6065977
0.62240779
0.63657089
0.64861363
0.65860304
0.66680774
0.67352734
0.67902798
0.68352836
0.68720446
0.69019843
0.6926266
0.69458542
0.69615563
0.69740514
0.69839119
0.69916189
0.69975757
0.70021187
0.70055267
0.70080297
0.7009816
0.70110388
0.70118221
0.70122653
0.70124478
0.70124326
0.7012269
0.70119957
0.70116426
0.70112325
0.7010783
0.70103071
0.70098146
0.70093133
0.70088067
0.70082987
0.70077924
0.70072895
0.70067913
0.70062984
0.70058113
0.700533
0.70048545
0.70043845
0.700392
0.70034605
0.7003006
0.70025561
0.70021106
0.70016694
0.70012321
0.70007987
0.7000369
0.69999429
0.69995202
0.69991009
0.69986849
0.69982721
0.69978624
0.69974558
0.69970523
0.69966518
0.69962542
0.69958596
0.69954679
0.69950791
0.69946932
0.699431
0.69939297
0.69935521
0.69931774
0.69928053
0.6992436
0.69920694
0.69917055
0.69913442
0.69909856
0.69906296
0.69902762
0.69899254
0.69895771
0.69892315
0.69888883
0.69885477
0.69882095
0.69878738
0.69875406
0.69872098
0.69868815
0.69865555
0.6986232
0.69859108
0.69855919
0.69852754
0.69849612
0.69846493
0.69843396
0.69840323
0.69837271
0.69834242
0.69831236
0.69828251
0.69825288
0.69822346
0.69819426
0.69816527
0.6981365
0.69810793
0.69807957
0.69805142
0.69802347
0.69799573
0.69796819
0.69794084
0.6979137
0.69788675
0.69786
0.69783345
0.69780708
0.69778091
0.69775492
0.69772913
0.69770352
0.69767809
0.69765285
0.69762779
0.69760292
0.69757822
0.6975537
0.69752935
0.69750518
0.69748119
0.69745736
0.69743371
0.69741023
0.69738691
0.69736376
0.69734078
0.69731796
0.69729531
0.69727281
0.69725048
0.69722831
0.69720629
0.69718443
0.69716272
0.69714117
0.69711977
0.69709852
0.69707742
0.69705647
0.69703567
0.69701502
0.69699451
0.69697414
0.69695392
0.69693383
0.69691389
0.69689409
0.69687443
0.6968549
0.69683551
0.69681625
0.69679713
0.69677814
0.69675928
0.69674055
0.69672196
0.69670349
0.69668515
0.69666693
0.69664885
0.69663089
0.69661305
0.69659534
0.69657775
0.69656028
0.69654293
0.69652571
0.6965086
0.69649162
0.69647475
0.696458
0.69644137
0.69642486
0.69640846
0.69639218
0.69637602
0.69635996
0.69634402
0.69632819
0.69631247
0.69629686
0.69628135
0.69626595
0.69625065
0.69623549
0.71353049
0.7130039
0.71283037
0.71316452
0.71413167
0.71574004
0.7178728
0.72034227
0.72295139
0.7255335
0.72796795
0.7301797
0.73213143
0.73381353
0.73523492
0.73641569
0.73738166
0.73816066
0.73878014
0.73926572
0.73964045
0.73992452
0.74013527
0.74028728
0.74039272
0.74046158
0.74050196
0.74052042
0.74052218
0.74051135
0.74049118
0.74046417
0.74043227
0.74039695
0.74035932
0.74032021
0.74028025
0.74023971
0.74019897
0.74015829
0.74011784
0.74007772
0.74003801
0.73999873
0.73995989
0.73992149
0.73988352
0.73984594
0.73980875
0.73977191
0.73973541
0.73969922
0.73966333
0.73962772
0.73959236
0.73955726
0.7395224
0.73948776
0.73945334
0.73941914
0.73938513
0.73935133
0.73931773
0.73928432
0.73925109
0.73921805
0.7391852
0.73915252
0.73912003
0.73908771
0.73905556
0.73902359
0.73899179
0.73896017
0.73892871
0.73889742
0.73886629
0.73883533
0.73880454
0.73877391
0.73874344
0.73871313
0.73868298
0.73865299
0.73862316
0.73859348
0.73856395
0.73853459
0.73850537
0.7384763
0.73844739
0.73841862
0.73839001
0.73836154
0.73833321
0.73830503
0.738277
0.73824911
0.73822136
0.73819375
0.73816628
0.73813895
0.73811176
0.7380847
0.73805778
0.738031
0.73800435
0.73797783
0.73795145
0.7379252
0.73789908
0.73787308
0.73784722
0.73782148
0.73779587
0.73777039
0.73774503
0.7377198
0.73769469
0.7376697
0.73764483
0.73762009
0.73759546
0.73757096
0.73754657
0.7375223
0.73749814
0.73747411
0.73745018
0.73742638
0.73740268
0.7373791
0.73735563
0.73733227
0.73730903
0.73728589
0.73726286
0.73723994
0.73721713
0.73719443
0.73717183
0.73714933
0.73712695
0.73710466
0.73708248
0.7370604
0.73703843
0.73701655
0.73699478
0.7369731
0.73695153
0.73693005
0.73690868
0.7368874
0.73686621
0.73684512
0.73682413
0.73680323
0.73678243
0.73676172
0.73674111
0.73672058
0.73670015
0.73667981
0.73665956
0.7366394
0.73661933
0.73659935
0.73657946
0.73655965
0.73653994
0.73652031
0.73650077
0.73648131
0.73646194
0.73644266
0.73642346
0.73640435
0.73638532
0.73636638
0.73634752
0.73632874
0.73631006
0.73629145
0.73627293
0.73625449
0.73623613
0.73621786
0.73619967
0.73618157
0.73616354
0.7361456
0.73612774
0.73610996
0.73609225
0.73607463
0.73605708
0.73603961
0.73602221
0.73600492
0.7142863
0.71442972
0.71519682
0.71712709
0.72040355
0.72479736
0.7298668
0.73515937
0.74031866
0.74511036
0.74940688
0.75315944
0.75637119
0.7590762
0.76132465
0.76317302
0.76467804
0.76589323
0.76686703
0.7676421
0.7682552
0.7687375
0.76911507
0.76940949
0.76963838
0.76981607
0.76995406
0.77006152
0.77014572
0.77021235
0.77026584
0.77030962
0.7703463
0.77037786
0.7704058
0.77043148
0.77045572
0.77047893
0.77050143
0.77052345
0.77054515
0.77056663
0.77058794
0.77060911
0.77063017
0.7706511
0.7706719
0.77069256
0.77071305
0.77073338
0.77075351
0.77077344
0.77079316
0.77081265
0.7708319
0.77085091
0.77086967
0.77088817
0.77090642
0.77092441
0.77094214
0.77095961
0.77097682
0.77099376
0.77101045
0.77102688
0.77104305
0.77105896
0.77107463
0.77109004
0.77110521
0.77112013
0.7711348
0.77114924
0.77116343
0.77117739
0.77119112
0.77120461
0.77121788
0.77123092
0.77124373
0.77125632
0.7712687
0.77128085
0.77129279
0.77130452
0.77131604
0.77132734
0.77133844
0.77134934
0.77136004
0.77137053
0.77138083
0.77139093
0.77140084
0.77141055
0.77142007
0.77142941
0.77143856
0.77144753
0.77145631
0.77146492
0.77147334
0.77148159
0.77148966
0.77149756
0.77150529
0.77151285
0.77152024
0.77152746
0.77153452
0.77154142
0.77154815
0.77155473
0.77156115
0.77156741
0.77157351
0.77157947
0.77158527
0.77159092
0.77159642
0.77160178
0.77160699
0.77161206
0.77161698
0.77162176
0.77162641
0.77163091
0.77163528
0.77163951
0.77164361
0.77164757
0.77165141
0.77165511
0.77165869
0.77166213
0.77166545
0.77166865
0.77167172
0.77167467
0.7716775
0.77168021
0.7716828
0.77168527
0.77168763
0.77168987
0.771692
0.77169401
0.77169591
0.77169771
0.77169939
0.77170096
0.77170243
0.77170379
0.77170504
0.7717062
0.77170724
0.77170819
0.77170904
0.77170978
0.77171043
0.77171098
0.77171143
0.77171178
0.77171204
0.77171221
0.77171229
0.77171227
0.77171216
0.77171196
0.77171167
0.7717113
0.77171084
0.77171029
0.77170966
0.77170895
0.77170815
0.77170727
0.77170631
0.77170528
0.77170416
0.77170297
0.7717017
0.77170036
0.77169895
0.77169746
0.77169591
0.77169428
0.77169259
0.77169082
0.77168899
0.77168709
0.77168513
0.7716831
0.77168101
0.77167885
0.77167663
0.77167433
0.77167198
0.77166956
0.71435714
0.7154061
0.71884822
0.72511217
0.73348814
0.74285597
0.75225043
0.76104419
0.76891453
0.77574914
0.78156055
0.78642636
0.79045236
0.79375146
0.79643262
0.79859543
0.80032802
0.80170672
0.80279661
0.80365252
0.80432019
0.80483743
0.80523529
0.80553905
0.80576918
0.80594213
0.806071
0.8061662
0.80623592
0.80628654
0.80632303
0.80634921
0.80636797
0.8063815
0.80639146
0.80639948
0.80640602
0.80641166
0.80641682
0.8064218
0.80642677
0.80643186
0.80643712
0.8064426
0.80644828
0.80645418
0.80646025
0.80646649
0.80647286
0.80647934
0.8064859
0.80649251
0.80649917
0.80650584
0.80651251
0.80651917
0.8065258
0.8065324
0.80653895
0.80654546
0.80655191
0.80655829
0.80656462
0.80657087
0.80657706
0.80658317
0.80658922
0.80659518
0.80660108
0.80660689
0.80661263
0.8066183
0.80662388
0.8066294
0.80663483
0.80664019
0.80664547
0.80665067
0.80665579
0.80666084
0.80666581
0.80667071
0.80667553
0.80668027
0.80668493
0.80668952
0.80669403
0.80669847
0.80670282
0.80670711
0.80671131
0.80671544
0.8067195
0.80672348
0.80672738
0.80673121
0.80673496
0.80673863
0.80674224
0.80674576
0.80674922
0.80675259
0.8067559
0.80675913
0.80676228
0.80676536
0.80676837
0.8067713
0.80677416
0.80677695
0.80677966
0.80678231
0.80678487
0.80678737
0.8067898
0.80679215
0.80679443
0.80679664
0.80679878
0.80680084
0.80680284
0.80680477
0.80680662
0.80680841
0.80681012
0.80681177
0.80681334
0.80681485
0.80681629
0.80681766
0.80681896
0.8068202
0.80682136
0.80682246
0.80682349
0.80682445
0.80682535
0.80682618
0.80682694
0.80682764
0.80682827
0.80682884
0.80682934
0.80682978
0.80683015
0.80683046
0.8068307
0.80683088
0.80683099
0.80683105
0.80683103
0.80683096
0.80683082
0.80683062
0.80683036
0.80683004
0.80682966
0.80682921
0.80682871
0.80682814
0.80682751
0.80682682
0.80682608
0.80682527
0.80682441
0.80682348
0.8068225
0.80682146
0.80682036
0.80681921
0.80681799
0.80681673
0.8068154
0.80681402
0.80681259
0.8068111
0.80680955
0.80680796
0.80680631
0.8068046
0.80680285
0.80680104
0.80679919
0.80679728
0.80679533
0.80679333
0.80679127
0.80678918
0.80678703
0.80678484
0.8067826
0.80678032
0.80677799
0.80677561
0.80677319
0.80677072
0.80676821
0.80676565
0.80676304
0.80676038
0.71528565
0.72130562
0.73301219
0.74790661
0.76329051
0.77751924
0.7899177
0.80037731
0.80904569
0.81615634
0.82195101
0.8266499
0.83044338
0.8334923
0.83593121
0.83787205
0.8394077
0.84061504
0.8415575
0.84228726
0.8428471
0.84327193
0.84359011
0.84382457
0.84399375
0.84411241
0.84419227
0.84424259
0.84427066
0.84428214
0.84428141
0.84427185
0.84425601
0.84423582
0.84421272
0.84418809
0.84416206
0.84413529
0.84410823
0.84408119
0.84405437
0.84402789
0.84400181
0.84397618
0.84395098
0.8439262
0.84390182
0.84387781
0.84385413
0.84383076
0.84380766
0.8437848
0.84376217
0.84373973
0.84371748
0.84369538
0.84367344
0.84365163
0.84362995
0.84360839
0.84358694
0.8435656
0.84354435
0.84352321
0.84350216
0.84348121
0.84346034
0.84343957
0.84341888
0.84339828
0.84337776
0.84335733
0.84333697
0.84331671
0.84329652
0.84327642
0.84325639
0.84323645
0.84321658
0.8431968
0.84317709
0.84315746
0.8431379
0.84311843
0.84309903
0.8430797
0.84306045
0.84304128
0.84302218
0.84300315
0.84298419
0.84296531
0.84294649
0.84292775
0.84290908
0.84289048
0.84287195
0.84285349
0.8428351
0.84281677
0.84279851
0.84278032
0.84276219
0.84274414
0.84272614
0.84270821
0.84269035
0.84267254
0.8426548
0.84263713
0.84261952
0.84260196
0.84258447
0.84256704
0.84254967
0.84253236
0.84251511
0.84249792
0.84248078
0.8424637
0.84244668
0.84242972
0.84241281
0.84239596
0.84237917
0.84236243
0.84234574
0.84232911
0.84231253
0.842296
0.84227953
0.84226311
0.84224674
0.84223042
0.84221415
0.84219793
0.84218176
0.84216564
0.84214957
0.84213355
0.84211758
0.84210165
0.84208578
0.84206994
0.84205416
0.84203842
0.84202273
0.84200708
0.84199148
0.84197592
0.8419604
0.84194493
0.8419295
0.84191412
0.84189877
0.84188347
0.84186821
0.84185299
0.84183781
0.84182268
0.84180758
0.84179252
0.8417775
0.84176252
0.84174758
0.84173268
0.84171781
0.84170299
0.8416882
0.84167345
0.84165873
0.84164405
0.84162941
0.8416148
0.84160024
0.8415857
0.8415712
0.84155674
0.84154232
0.84152793
0.84151357
0.84149926
0.84148497
0.84147073
0.84145652
0.84144234
0.8414282
0.8414141
0.84140003
0.841386
0.841372
0.84135804
0.84134411
0.84133022
0.84131636
0.84130253
0.84128874
0.84127497
0.84126123
0.84124756
0.72691991
0.75102748
0.77579319
0.79673171
0.81326416
0.82614857
0.83628165
0.84436332
0.85088269
0.85617734
0.86048793
0.86399465
0.86683882
0.86913513
0.87097865
0.87244908
0.8736134
0.87452788
0.87523957
0.87578768
0.87620463
0.87651712
0.87674695
0.87691183
0.87702606
0.87710108
0.87714603
0.87716813
0.87717303
0.87716517
0.87714795
0.877124
0.8770953
0.87706336
0.8770293
0.87699404
0.87695768
0.87692077
0.87688373
0.87684681
0.87681019
0.87677397
0.8767382
0.8767029
0.87666807
0.8766337
0.87659974
0.87656619
0.876533
0.87650014
0.87646759
0.87643532
0.8764033
0.87637152
0.87633996
0.87630859
0.87627742
0.87624642
0.87621558
0.87618491
0.87615439
0.87612401
0.87609378
0.87606368
0.87603372
0.87600389
0.87597419
0.87594462
0.87591518
0.87588586
0.87585666
0.87582759
0.87579863
0.8757698
0.87574109
0.87571249
0.87568401
0.87565565
0.87562741
0.87559928
0.87557126
0.87554335
0.87551556
0.87548788
0.87546031
0.87543285
0.8754055
0.87537826
0.87535112
0.87532409
0.87529717
0.87527035
0.87524364
0.87521703
0.87519053
0.87516412
0.87513782
0.87511162
0.87508551
0.87505951
0.8750336
0.8750078
0.87498208
0.87495647
0.87493095
0.87490553
0.87488019
0.87485496
0.87482981
0.87480476
0.8747798
0.87475493
0.87473015
0.87470545
0.87468085
0.87465633
0.87463191
0.87460756
0.87458331
0.87455914
0.87453505
0.87451105
0.87448713
0.87446329
0.87443954
0.87441587
0.87439227
0.87436876
0.87434533
0.87432197
0.8742987
0.8742755
0.87425238
0.87422934
0.87420637
0.87418348
0.87416066
0.87413792
0.87411525
0.87409265
0.87407012
0.87404767
0.87402529
0.87400298
0.87398074
0.87395857
0.87393647
0.87391444
0.87389247
0.87387057
0.87384874
0.87382698
0.87380528
0.87378365
0.87376208
0.87374058
0.87371914
0.87369777
0.87367645
0.8736552
0.87363401
0.87361289
0.87359182
0.87357082
0.87354987
0.87352899
0.87350816
0.87348739
0.87346668
0.87344603
0.87342544
0.8734049
0.87338442
0.873364
0.87334363
0.87332332
0.87330306
0.87328287
0.87326272
0.87324263
0.8732226
0.87320262
0.8731827
0.87316283
0.87314301
0.87312325
0.87310355
0.87308389
0.8730643
0.87304475
0.87302526
0.87300582
0.87298643
0.8729671
0.87294782
0.87292858
0.8729094
0.87289026
0.87287117
0.87285219
0.8564688
0.8563605
0.85735885
0.85977315
0.86342747
0.86785731
0.87257399
0.87719991
0.88149469
0.88533247
0.88866799
0.89150668
0.89388286
0.89584495
0.89744629
0.89873963
0.89977413
0.9005939
0.90123744
0.90173778
0.90212276
0.90241558
0.90263537
0.90279772
0.90291529
0.90299821
0.90305457
0.90309076
0.90311179
0.90312155
0.90312306
0.90311862
0.90310998
0.90309844
0.90308532
0.90307081
0.90305535
0.90303938
0.90302321
0.90300705
0.90299103
0.90297522
0.90295966
0.90294436
0.90292932
0.90291453
0.90289995
0.90288557
0.90287136
0.9028573
0.90284336
0.90282951
0.90281575
0.90280205
0.90278841
0.9027748
0.90276122
0.90274765
0.9027341
0.90272056
0.90270702
0.90269347
0.90267992
0.90266636
0.90265279
0.90263921
0.90262562
0.90261201
0.90259839
0.90258475
0.9025711
0.90255743
0.90254375
0.90253005
0.90251634
0.9025026
0.90248886
0.90247509
0.90246131
0.90244752
0.9024337
0.90241987
0.90240603
0.90239217
0.90237829
0.90236439
0.90235048
0.90233656
0.90232261
0.90230865
0.90229468
0.90228069
0.90226668
0.90225265
0.90223861
0.90222455
0.90221048
0.90219639
0.90218228
0.90216816
0.90215402
0.90213987
0.9021257
0.90211151
0.90209731
0.90208309
0.90206885
0.9020546
0.90204033
0.90202605
0.90201175
0.90199744
0.90198311
0.90196876
0.9019544
0.90194002
0.90192563
0.90191122
0.90189679
0.90188235
0.90186789
0.90185342
0.90183893
0.90182443
0.90180991
0.90179538
0.90178083
0.90176627
0.90175169
0.90173709
0.90172248
0.90170786
0.90169322
0.90167856
0.90166389
0.90164921
0.90163451
0.90161979
0.90160506
0.90159032
0.90157556
0.90156078
0.90154599
0.90153119
0.90151637
0.90150154
0.9014867
0.90147184
0.90145696
0.90144207
0.90142717
0.90141225
0.90139732
0.90138237
0.90136741
0.90135244
0.90133745
0.90132245
0.90130743
0.9012924
0.90127736
0.9012623
0.90124723
0.90123215
0.90121705
0.90120194
0.90118682
0.90117168
0.90115653
0.90114137
0.90112619
0.901111
0.9010958
0.90108059
0.90106536
0.90105012
0.90103488
0.90101962
0.90100434
0.90098906
0.90097377
0.90095846
0.90094315
0.90092783
0.90091249
0.90089715
0.9008818
0.90086644
0.90085107
0.9008357
0.90082031
0.90080492
0.90078952
0.90077412
0.9007587
0.90074328
0.90072784
0.9007124
0.90069695
0.90068153
0.85720279
0.85827511
0.86165858
0.86737235
0.87449393
0.88201885
0.88924191
0.89577984
0.90147965
0.9063257
0.91037406
0.91371236
0.91643728
0.91864285
0.92041492
0.92182907
0.92295035
0.92383378
0.92452542
0.92506341
0.92547909
0.92579805
0.926041
0.92622463
0.92636229
0.9264646
0.92653995
0.92659489
0.92663456
0.92666291
0.92668297
0.92669707
0.92670692
0.92671384
0.92671929
0.92672321
0.92672616
0.92672851
0.92673054
0.92673243
0.92673427
0.92673614
0.92673806
0.92674005
0.92674208
0.92674416
0.92674626
0.92674836
0.92675042
0.92675244
0.92675439
0.92675625
0.92675801
0.92675965
0.92676117
0.92676255
0.92676378
0.92676486
0.92676578
0.92676655
0.92676715
0.92676759
0.92676786
0.92676797
0.92676791
0.92676768
0.92676729
0.92676673
0.92676601
0.92676512
0.92676407
0.92676286
0.92676149
0.92675996
0.92675827
0.92675643
0.92675443
0.92675228
0.92674997
0.92674752
0.92674491
0.92674216
0.92673926
0.92673621
0.92673301
0.92672968
0.9267262
0.92672257
0.92671881
0.92671491
0.92671087
0.92670669
0.92670238
0.92669793
0.92669335
0.92668864
0.92668379
0.92667882
0.92667371
0.92666848
0.92666312
0.92665763
0.92665202
0.92664629
0.92664043
0.92663444
0.92662834
0.92662212
0.92661577
0.92660931
0.92660273
0.92659604
0.92658922
0.9265823
0.92657526
0.9265681
0.92656084
0.92655346
0.92654598
0.92653838
0.92653067
0.92652286
0.92651494
0.92650692
0.92649879
0.92649055
0.92648221
0.92647377
0.92646523
0.92645658
0.92644784
0.92643899
0.92643005
0.92642101
0.92641187
0.92640263
0.9263933
0.92638388
0.92637436
0.92636474
0.92635504
0.92634524
0.92633535
0.92632537
0.92631529
0.92630513
0.92629489
0.92628455
0.92627412
0.92626361
0.92625302
0.92624233
0.92623157
0.92622072
0.92620978
0.92619877
0.92618767
0.92617649
0.92616523
0.92615389
0.92614247
0.92613097
0.92611939
0.92610774
0.926096
0.92608419
0.92607231
0.92606035
0.92604832
0.92603621
0.92602403
0.92601177
0.92599945
0.92598705
0.92597458
0.92596204
0.92594944
0.92593676
0.92592402
0.9259112
0.92589833
0.92588538
0.92587238
0.9258593
0.92584617
0.92583297
0.92581971
0.92580639
0.925793
0.92577956
0.92576606
0.92575249
0.92573887
0.9257252
0.92571146
0.92569766
0.92568381
0.9256699
0.92565594
0.92564196
0.85766478
0.8619613
0.87092307
0.88238412
0.89409856
0.90479169
0.91398222
0.92162314
0.92785658
0.93288496
0.93691237
0.94012178
0.94266877
0.9446822
0.9462674
0.94750988
0.94847881
0.94923001
0.94980849
0.95025044
0.95058495
0.9508353
0.95102007
0.95115405
0.95124895
0.95131401
0.95135645
0.95138192
0.95139479
0.95139841
0.95139535
0.95138754
0.95137643
0.95136309
0.9513486
0.95133285
0.95131636
0.95129951
0.95128254
0.95126563
0.95124886
0.95123229
0.95121593
0.95119979
0.95118384
0.95116807
0.95115246
0.95113696
0.95112157
0.95110624
0.95109097
0.95107572
0.95106048
0.95104523
0.95102997
0.95101467
0.95099934
0.95098395
0.95096852
0.95095302
0.95093747
0.95092184
0.95090615
0.95089039
0.95087456
0.95085866
0.95084268
0.95082663
0.95081051
0.95079431
0.95077804
0.9507617
0.95074528
0.95072879
0.95071223
0.9506956
0.95067889
0.95066211
0.95064526
0.95062834
0.95061135
0.95059429
0.95057716
0.95055996
0.95054269
0.95052535
0.95050794
0.95049047
0.95047293
0.95045532
0.95043764
0.9504199
0.95040209
0.95038422
0.95036628
0.95034828
0.95033021
0.95031208
0.95029388
0.95027563
0.95025731
0.95023892
0.95022048
0.95020197
0.95018341
0.95016478
0.95014609
0.95012734
0.95010854
0.95008967
0.95007075
0.95005176
0.95003272
0.95001363
0.94999447
0.94997526
0.94995599
0.94993667
0.94991729
0.94989785
0.94987837
0.94985882
0.94983923
0.94981958
0.94979987
0.94978012
0.94976031
0.94974045
0.94972054
0.94970058
0.94968056
0.9496605
0.94964038
0.94962022
0.94960001
0.94957975
0.94955944
0.94953908
0.94951868
0.94949822
0.94947772
0.94945718
0.94943659
0.94941595
0.94939526
0.94937454
0.94935376
0.94933294
0.94931208
0.94929118
0.94927023
0.94924923
0.9492282
0.94920712
0.949186
0.94916484
0.94914364
0.9491224
0.94910111
0.94907979
0.94905843
0.94903702
0.94901558
0.9489941
0.94897258
0.94895102
0.94892942
0.94890779
0.94888612
0.94886441
0.94884267
0.94882089
0.94879907
0.94877722
0.94875533
0.94873341
0.94871146
0.94868947
0.94866745
0.94864539
0.94862331
0.94860119
0.94857904
0.94855686
0.94853465
0.9485124
0.94849013
0.94846783
0.9484455
0.94842315
0.94840076
0.94837835
0.94835591
0.94833344
0.94831094
0.94828842
0.94826587
0.9482433
0.94822069
0.94819816
0.86100409
0.87519764
0.89386763
0.91150059
0.92608634
0.93750657
0.94626006
0.95292821
0.95800978
0.96189323
0.9648705
0.96715872
0.96891956
0.97027415
0.97131409
0.97210928
0.97271353
0.97316862
0.97350713
0.97375466
0.97393131
0.97405295
0.97413206
0.97417847
0.97419988
0.97420235
0.97419056
0.97416817
0.97413797
0.97410211
0.97406223
0.97401955
0.97397498
0.97392961
0.97388284
0.97383523
0.97378722
0.9737391
0.97369108
0.97364329
0.9735958
0.97354864
0.97350182
0.97345534
0.97340918
0.97336331
0.97331772
0.97327236
0.97322723
0.97318229
0.97313753
0.97309292
0.97304845
0.97300411
0.97295989
0.97291577
0.97287175
0.97282782
0.97278397
0.97274021
0.97269652
0.97265291
0.97260937
0.9725659
0.9725225
0.97247917
0.97243591
0.97239271
0.97234958
0.97230652
0.97226353
0.9722206
0.97217774
0.97213494
0.97209221
0.97204955
0.97200695
0.97196442
0.97192196
0.97187956
0.97183723
0.97179496
0.97175276
0.97171063
0.97166857
0.97162657
0.97158463
0.97154276
0.97150096
0.97145923
0.97141756
0.97137595
0.97133441
0.97129294
0.97125153
0.97121019
0.97116891
0.9711277
0.97108656
0.97104547
0.97100446
0.9709635
0.97092261
0.97088179
0.97084103
0.97080033
0.9707597
0.97071913
0.97067862
0.97063818
0.9705978
0.97055748
0.97051723
0.97047704
0.97043691
0.97039684
0.97035683
0.97031689
0.97027701
0.97023718
0.97019742
0.97015772
0.97011808
0.97007851
0.97003899
0.96999953
0.96996013
0.96992079
0.96988151
0.96984229
0.96980313
0.96976402
0.96972498
0.96968599
0.96964706
0.96960819
0.96956938
0.96953062
0.96949192
0.96945328
0.96941469
0.96937616
0.96933768
0.96929927
0.9692609
0.96922259
0.96918434
0.96914614
0.969108
0.96906991
0.96903188
0.9689939
0.96895597
0.96891809
0.96888027
0.9688425
0.96880479
0.96876713
0.96872951
0.96869196
0.96865445
0.96861699
0.96857959
0.96854223
0.96850493
0.96846768
0.96843047
0.96839332
0.96835622
0.96831917
0.96828216
0.96824521
0.9682083
0.96817145
0.96813464
0.96809788
0.96806117
0.96802451
0.96798789
0.96795132
0.96791481
0.96787833
0.96784191
0.96780553
0.9677692
0.96773292
0.96769669
0.9676605
0.96762436
0.96758826
0.96755221
0.96751621
0.96748026
0.96744435
0.96740848
0.96737266
0.96733689
0.96730116
0.96726547
0.96723
0.88228922
0.91492947
0.93959488
0.95608332
0.96689018
0.97406557
0.97893699
0.98232084
0.98471945
0.9864478
0.98770838
0.98863492
0.9893181
0.98982096
0.99018834
0.99045284
0.99063858
0.99076369
0.99084197
0.99088405
0.99089816
0.99089071
0.99086672
0.9908301
0.99078392
0.99073056
0.99067188
0.99060932
0.99054398
0.99047671
0.99040813
0.99033874
0.99026889
0.99019874
0.99012796
0.99005694
0.98998596
0.98991521
0.98984481
0.98977482
0.98970528
0.98963622
0.98956762
0.98949947
0.98943177
0.98936449
0.98929761
0.98923111
0.98916496
0.98909916
0.98903369
0.98896852
0.98890366
0.98883908
0.98877477
0.98871074
0.98864696
0.98858344
0.98852017
0.98845715
0.98839437
0.98833182
0.98826951
0.98820742
0.98814557
0.98808394
0.98802254
0.98796136
0.9879004
0.98783966
0.98777913
0.98771882
0.98765873
0.98759884
0.98753916
0.9874797
0.98742044
0.98736138
0.98730253
0.98724388
0.98718543
0.98712718
0.98706913
0.98701128
0.98695362
0.98689615
0.98683887
0.98678179
0.98672489
0.98666818
0.98661166
0.98655532
0.98649917
0.9864432
0.9863874
0.98633179
0.98627635
0.98622109
0.98616601
0.98611109
0.98605636
0.98600179
0.98594739
0.98589316
0.98583909
0.98578519
0.98573146
0.98567789
0.98562448
0.98557123
0.98551815
0.98546522
0.98541244
0.98535983
0.98530736
0.98525505
0.9852029
0.98515089
0.98509904
0.98504733
0.98499577
0.98494436
0.98489309
0.98484197
0.98479099
0.98474015
0.98468945
0.9846389
0.98458848
0.9845382
0.98448806
0.98443805
0.98438818
0.98433845
0.98428884
0.98423937
0.98419003
0.98414082
0.98409173
0.98404278
0.98399395
0.98394525
0.98389667
0.98384822
0.98379989
0.98375168
0.9837036
0.98365563
0.98360779
0.98356006
0.98351246
0.98346496
0.98341759
0.98337033
0.98332319
0.98327616
0.98322924
0.98318243
0.98313574
0.98308915
0.98304268
0.98299631
0.98295006
0.98290391
0.98285786
0.98281192
0.98276609
0.98272036
0.98267474
0.98262922
0.9825838
0.98253848
0.98249326
0.98244815
0.98240313
0.98235821
0.98231339
0.98226867
0.98222404
0.98217951
0.98213507
0.98209073
0.98204649
0.98200234
0.98195828
0.98191431
0.98187044
0.98182666
0.98178296
0.98173936
0.98169585
0.98165243
0.9816091
0.98156585
0.98152269
0.98147962
0.98143663
0.98139373
0.98135092
0.98130842
0.99945527
0.9992768
0.99925104
0.99926945
0.99929379
0.99931232
0.99932214
0.99932318
0.99931608
0.99930166
0.99928066
0.99925375
0.99922153
0.99918457
0.99914337
0.99909843
0.99905023
0.99899919
0.99894575
0.99889029
0.99883317
0.99877469
0.99871516
0.99865483
0.9985939
0.99853257
0.998471
0.9984093
0.9983476
0.99828596
0.99822447
0.99816318
0.99810215
0.99804099
0.99797982
0.99791879
0.99785802
0.99779755
0.99773744
0.99767771
0.99761836
0.9975594
0.99750081
0.99744258
0.99738471
0.99732717
0.99726996
0.99721306
0.99715646
0.99710014
0.99704409
0.99698831
0.99693279
0.99687751
0.99682247
0.99676767
0.99671309
0.99665873
0.99660458
0.99655064
0.99649691
0.99644338
0.99639005
0.99633691
0.99628397
0.99623121
0.99617863
0.99612623
0.99607402
0.99602197
0.99597011
0.99591841
0.99586688
0.99581551
0.99576431
0.99571327
0.99566238
0.99561166
0.99556108
0.99551066
0.99546039
0.99541027
0.9953603
0.99531047
0.99526078
0.99521123
0.99516182
0.99511255
0.99506342
0.99501442
0.99496555
0.99491682
0.99486821
0.99481973
0.99477138
0.99472316
0.99467505
0.99462707
0.99457921
0.99453148
0.99448386
0.99443635
0.99438897
0.99434169
0.99429454
0.99424749
0.99420056
0.99415373
0.99410702
0.99406041
0.99401392
0.99396752
0.99392123
0.99387505
0.99382897
0.99378299
0.99373712
0.99369134
0.99364566
0.99360008
0.9935546
0.99350922
0.99346393
0.99341874
0.99337364
0.99332863
0.99328372
0.9932389
0.99319417
0.99314953
0.99310498
0.99306051
0.99301614
0.99297185
0.99292766
0.99288354
0.99283951
0.99279557
0.99275171
0.99270794
0.99266424
0.99262063
0.9925771
0.99253365
0.99249028
0.99244699
0.99240378
0.99236065
0.99231759
0.99227462
0.99223172
0.99218889
0.99214614
0.99210347
0.99206087
0.99201834
0.99197589
0.99193351
0.9918912
0.99184896
0.9918068
0.99176471
0.99172268
0.99168073
0.99163884
0.99159703
0.99155528
0.9915136
0.99147199
0.99143044
0.99138896
0.99134755
0.9913062
0.99126492
0.9912237
0.99118255
0.99114146
0.99110044
0.99105947
0.99101857
0.99097774
0.99093696
0.99089625
0.9908556
0.990815
0.99077447
0.990734
0.99069359
0.99065324
0.99061295
0.99057271
0.99053254
0.99049242
0.99045236
0.99041235
0.99037241
0.99033252
0.99029268
0.99025291
0.99021344
0.99999757
0.99999542
0.99999361
0.99999184
0.99998994
0.99998778
0.99998527
0.99998237
0.99997901
0.99997514
0.99997072
0.99996571
0.99996008
0.9999538
0.99994685
0.99993922
0.99993091
0.99992192
0.99991227
0.99990197
0.99989102
0.99987947
0.99986732
0.9998546
0.99984134
0.99982755
0.99981327
0.9997985
0.99978328
0.99976761
0.99975153
0.99973504
0.99971812
0.99970075
0.99968296
0.99966478
0.99964626
0.9996274
0.99960823
0.99958876
0.99956901
0.99954898
0.99952869
0.99950814
0.99948734
0.99946629
0.99944501
0.99942349
0.99940174
0.99937977
0.99935758
0.99933518
0.99931257
0.99928976
0.99926674
0.99924354
0.99922014
0.99919656
0.9991728
0.99914886
0.99912475
0.99910047
0.99907603
0.99905143
0.99902668
0.99900177
0.99897672
0.99895152
0.99892619
0.99890071
0.99887511
0.99884937
0.9988235
0.99879752
0.99877141
0.99874518
0.99871884
0.99869239
0.99866582
0.99863915
0.99861238
0.9985855
0.99855853
0.99853146
0.99850429
0.99847703
0.99844969
0.99842225
0.99839473
0.99836712
0.99833943
0.99831166
0.99828382
0.99825589
0.99822789
0.99819982
0.99817168
0.99814347
0.99811519
0.99808684
0.99805843
0.99802995
0.99800141
0.99797282
0.99794416
0.99791544
0.99788666
0.99785784
0.99782895
0.99780001
0.99777102
0.99774198
0.99771289
0.99768375
0.99765456
0.99762533
0.99759605
0.99756672
0.99753736
0.99750794
0.99747849
0.99744899
0.99741946
0.99738988
0.99736027
0.99733062
0.99730093
0.9972712
0.99724144
0.99721165
0.99718182
0.99715196
0.99712206
0.99709213
0.99706217
0.99703218
0.99700216
0.99697211
0.99694203
0.99691192
0.99688179
0.99685162
0.99682143
0.99679122
0.99676098
0.99673071
0.99670042
0.9966701
0.99663976
0.9966094
0.99657901
0.9965486
0.99651817
0.99648772
0.99645724
0.99642675
0.99639623
0.9963657
0.99633514
0.99630457
0.99627398
0.99624337
0.99621274
0.99618209
0.99615142
0.99612074
0.99609004
0.99605933
0.99602859
0.99599784
0.99596708
0.9959363
0.99590551
0.9958747
0.99584387
0.99581304
0.99578218
0.99575132
0.99572044
0.99568955
0.99565864
0.99562772
0.99559679
0.99556585
0.9955349
0.99550393
0.99547295
0.99544196
0.99541096
0.99537995
0.99534893
0.99531789
0.99528685
0.9952558
0.99522473
0.99519366
0.99516258
0.99513149
0.99510039
0.99506952
0.99999999
0.99999997
0.99999995
0.99999992
0.99999987
0.99999979
0.99999969
0.99999956
0.99999937
0.99999914
0.99999884
0.99999846
0.999998
0.99999745
0.99999679
0.99999602
0.99999512
0.9999941
0.99999294
0.99999163
0.99999018
0.99998857
0.99998681
0.99998488
0.99998279
0.99998053
0.9999781
0.99997549
0.99997272
0.99996977
0.99996664
0.99996333
0.99995983
0.99995613
0.99995225
0.99994818
0.99994393
0.99993949
0.99993486
0.99993005
0.99992506
0.99991989
0.99991453
0.99990899
0.99990327
0.99989737
0.99989129
0.99988502
0.99987858
0.99987195
0.99986514
0.99985816
0.999851
0.99984366
0.99983614
0.99982844
0.99982057
0.99981253
0.99980431
0.99979592
0.99978735
0.99977862
0.99976972
0.99976064
0.9997514
0.999742
0.99973242
0.99972269
0.99971279
0.99970273
0.9996925
0.99968212
0.99967158
0.99966088
0.99965002
0.99963901
0.99962785
0.99961653
0.99960506
0.99959344
0.99958167
0.99956975
0.99955769
0.99954548
0.99953313
0.99952063
0.99950799
0.9994952
0.99948228
0.99946922
0.99945602
0.99944269
0.99942921
0.99941561
0.99940187
0.999388
0.99937399
0.99935986
0.9993456
0.9993312
0.99931668
0.99930204
0.99928727
0.99927238
0.99925736
0.99924222
0.99922696
0.99921158
0.99919608
0.99918046
0.99916472
0.99914887
0.99913291
0.99911682
0.99910063
0.99908432
0.9990679
0.99905137
0.99903473
0.99901798
0.99900112
0.99898416
0.99896709
0.99894991
0.99893263
0.99891524
0.99889775
0.99888016
0.99886246
0.99884467
0.99882677
0.99880878
0.99879069
0.9987725
0.99875421
0.99873583
0.99871735
0.99869878
0.99868011
0.99866135
0.99864249
0.99862355
0.99860451
0.99858539
0.99856617
0.99854686
0.99852747
0.99850799
0.99848842
0.99846876
0.99844902
0.9984292
0.99840929
0.99838929
0.99836921
0.99834905
0.99832881
0.99830849
0.99828808
0.9982676
0.99824704
0.99822639
0.99820567
0.99818487
0.998164
0.99814304
0.99812201
0.99810091
0.99807973
0.99805848
0.99803715
0.99801575
0.99799427
0.99797273
0.99795111
0.99792942
0.99790766
0.99788583
0.99786393
0.99784197
0.99781993
0.99779782
0.99777565
0.99775341
0.9977311
0.99770873
0.99768629
0.99766379
0.99764122
0.99761859
0.99759589
0.99757313
0.99755031
0.99752742
0.99750448
0.99748147
0.9974584
0.99743527
0.99741208
0.99738908
1
1
1
1
1
1
0.99999999
0.99999999
0.99999998
0.99999996
0.99999994
0.99999991
0.99999987
0.99999982
0.99999975
0.99999967
0.99999957
0.99999944
0.99999929
0.99999911
0.9999989
0.99999866
0.99999838
0.99999806
0.9999977
0.9999973
0.99999685
0.99999635
0.9999958
0.99999519
0.99999453
0.99999381
0.99999303
0.99999218
0.99999126
0.99999027
0.99998921
0.99998808
0.99998687
0.99998558
0.99998422
0.99998277
0.99998124
0.99997962
0.99997792
0.99997612
0.99997424
0.99997226
0.99997019
0.99996802
0.99996575
0.99996339
0.99996092
0.99995836
0.99995568
0.99995291
0.99995003
0.99994704
0.99994394
0.99994073
0.99993741
0.99993398
0.99993044
0.99992678
0.99992301
0.99991912
0.99991512
0.999911
0.99990676
0.9999024
0.99989792
0.99989332
0.99988861
0.99988376
0.9998788
0.99987372
0.99986851
0.99986318
0.99985772
0.99985214
0.99984643
0.9998406
0.99983465
0.99982857
0.99982236
0.99981602
0.99980956
0.99980298
0.99979626
0.99978942
0.99978245
0.99977536
0.99976814
0.99976079
0.99975331
0.99974571
0.99973797
0.99973012
0.99972213
0.99971402
0.99970577
0.99969741
0.99968891
0.99968029
0.99967154
0.99966267
0.99965367
0.99964454
0.99963529
0.99962591
0.99961641
0.99960678
0.99959702
0.99958714
0.99957714
0.99956701
0.99955676
0.99954638
0.99953589
0.99952527
0.99951452
0.99950366
0.99949267
0.99948156
0.99947033
0.99945898
0.9994475
0.99943591
0.9994242
0.99941237
0.99940042
0.99938835
0.99937617
0.99936387
0.99935145
0.99933891
0.99932626
0.99931349
0.9993006
0.9992876
0.99927449
0.99926126
0.99924792
0.99923447
0.99922091
0.99920723
0.99919344
0.99917954
0.99916553
0.99915141
0.99913718
0.99912284
0.99910839
0.99909383
0.99907917
0.9990644
0.99904952
0.99903454
0.99901945
0.99900426
0.99898896
0.99897356
0.99895806
0.99894245
0.99892674
0.99891093
0.99889501
0.998879
0.99886288
0.99884667
0.99883036
0.99881394
0.99879743
0.99878082
0.99876412
0.99874731
0.99873042
0.99871342
0.99869633
0.99867915
0.99866187
0.9986445
0.99862703
0.99860948
0.99859183
0.99857408
0.99855625
0.99853833
0.99852032
0.99850221
0.99848402
0.99846574
0.99844738
0.99842892
0.99841038
0.99839175
0.99837303
0.99835423
0.99833536
0.99831672
1
1
1
1
1
1
1
1
1
1
0.99999999
0.99999999
0.99999998
0.99999997
0.99999996
0.99999994
0.99999991
0.99999988
0.99999983
0.99999978
0.99999972
0.99999964
0.99999955
0.99999944
0.99999931
0.99999916
0.99999899
0.9999988
0.99999858
0.99999833
0.99999805
0.99999774
0.9999974
0.99999701
0.99999659
0.99999613
0.99999562
0.99999507
0.99999447
0.99999382
0.99999312
0.99999236
0.99999155
0.99999068
0.99998975
0.99998875
0.99998769
0.99998656
0.99998537
0.9999841
0.99998276
0.99998135
0.99997986
0.99997829
0.99997664
0.99997491
0.99997309
0.99997119
0.99996921
0.99996713
0.99996496
0.9999627
0.99996035
0.9999579
0.99995536
0.99995272
0.99994997
0.99994713
0.99994419
0.99994114
0.99993799
0.99993474
0.99993137
0.9999279
0.99992432
0.99992063
0.99991684
0.99991292
0.9999089
0.99990476
0.99990051
0.99989615
0.99989166
0.99988707
0.99988235
0.99987752
0.99987257
0.99986749
0.9998623
0.99985699
0.99985156
0.99984601
0.99984034
0.99983454
0.99982862
0.99982258
0.99981642
0.99981013
0.99980372
0.99979718
0.99979052
0.99978374
0.99977683
0.9997698
0.99976264
0.99975536
0.99974795
0.99974042
0.99973276
0.99972498
0.99971707
0.99970903
0.99970088
0.99969259
0.99968418
0.99967565
0.99966699
0.9996582
0.99964929
0.99964026
0.9996311
0.99962182
0.99961241
0.99960288
0.99959323
0.99958345
0.99957355
0.99956353
0.99955338
0.99954311
0.99953272
0.9995222
0.99951157
0.99950081
0.99948993
0.99947894
0.99946782
0.99945658
0.99944522
0.99943374
0.99942214
0.99941043
0.9993986
0.99938664
0.99937457
0.99936239
0.99935009
0.99933767
0.99932513
0.99931248
0.99929972
0.99928684
0.99927384
0.99926073
0.99924751
0.99923418
0.99922073
0.99920718
0.99919351
0.99917973
0.99916584
0.99915184
0.99913773
0.99912351
0.99910918
0.99909474
0.9990802
0.99906555
0.99905079
0.99903593
0.99902096
0.99900589
0.99899071
0.99897543
0.99896004
0.99894455
0.99892896
0.99891327
0.99889747
0.99888158
0.99886558
0.99884948
0.99883329
0.99881699
0.9988006
0.99878411
0.99876752
0.99875083
0.99873405
0.99871717
0.99870019
0.99868312
0.99866596
0.9986487
0.99863135
0.99861391
0.99859637
0.99857874
0.99856106
0.99854407
)
;

boundaryField
{
    inlet_0
    {
        type            fixedValue;
        value           uniform 0;
    }
    inlet_1
    {
        type            fixedValue;
        value           uniform 0.14285714;
    }
    inlet_2
    {
        type            fixedValue;
        value           uniform 0.28571429;
    }
    inlet_3
    {
        type            fixedValue;
        value           uniform 0.42857143;
    }
    inlet_4
    {
        type            fixedValue;
        value           uniform 0.57142857;
    }
    inlet_5
    {
        type            fixedValue;
        value           uniform 0.71428571;
    }
    inlet_6
    {
        type            fixedValue;
        value           uniform 0.85714286;
    }
    inlet_7
    {
        type            fixedValue;
        value           uniform 1;
    }
    outlet
    {
        type            zeroGradient;
    }
    walls
    {
        type            zeroGradient;
    }
    floor
    {
        type            zeroGradient;
    }
    frontAndBack
    {
        type            empty;
    }
}


// ************************************************************************* //
